# scenario=aero_offset seed=7 run=6  window t=[25.0,33.0]  wind_az=4.4498 rad u_ref=6.0
# t h vz thr ramp tilt lat vrad qbar CT shield  a_thrLat a_aeroLat a_cmdLat  windR windMag  steersgn amax tiltcap  phase eng
 25.050   4176.1  -295.8 0.00 0.00   5.78    32.2  -4.35   35357  0.00  1.00     0.000    -0.627   -2.429   17.49  19.57  -1.00   3.16  15.00  1 0
 25.100   4161.3  -295.7 0.00 0.00   6.07    32.0  -4.30   35389  0.00  1.00     0.000    -0.749   -2.447   17.59  19.66  -1.00   3.16  15.00  1 0
 25.150   4146.5  -295.6 0.00 0.00   6.36    31.8  -4.25   35418  0.00  1.00     0.000    -0.884   -2.468   17.56  19.62  -1.00   3.16  15.00  1 0
 25.200   4131.7  -295.5 0.00 0.00   6.65    31.6  -4.20   35447  0.00  1.00     0.000    -1.026   -2.480   17.46  19.51  -1.00   3.16  15.00  1 0
 25.250   4116.9  -295.4 0.00 0.00   6.94    31.4  -4.16   35476  0.00  1.00     0.000    -1.165   -2.491   17.40  19.46  -1.00   3.16  15.00  1 0
 25.300   4102.2  -295.3 0.00 0.00   7.23    31.2  -4.13   35505  0.00  1.00     0.000    -1.306   -2.497   17.32  19.38  -1.00   3.16  15.00  1 0
 25.350   4087.4  -295.2 0.00 0.00   7.52    31.0  -4.10   35534  0.00  1.00     0.000    -1.442   -2.499   17.31  19.36  -1.00   3.16  15.00  1 0
 25.400   4072.7  -295.1 0.00 0.00   7.81    30.8  -4.08   35564  0.00  1.00     0.000    -1.576   -2.498   17.30  19.34  -1.00   3.16  15.00  1 0
 25.450   4057.9  -295.0 0.00 0.00   8.10    30.6  -4.06   35592  0.00  1.00     0.000    -1.710   -2.490   17.30  19.26  -1.00   3.16  15.00  1 0
 25.500   4043.2  -294.9 0.00 0.00   8.39    30.4  -4.05   35623  0.00  1.00     0.000    -1.830   -2.483   17.43  19.31  -1.00   3.16  15.00  1 0
 25.550   4028.4  -294.8 0.00 0.00   8.67    30.2  -4.04   35654  0.00  1.00     0.000    -1.950   -2.466   17.55  19.40  -1.00   3.16  15.00  1 0
 25.600   4013.7  -294.7 0.00 0.00   8.96    30.0  -4.03   35678  0.00  1.00     0.000    -2.097   -2.453   17.32  19.14  -1.00   3.16  15.00  1 0
 25.650   3998.9  -294.6 0.00 0.00   9.24    29.8  -4.04   35706  0.00  1.00     0.000    -2.225   -2.425   17.27  19.11  -1.00   3.16  15.00  1 0
 25.700   3984.2  -294.5 0.00 0.00   9.51    29.6  -4.04   35733  0.00  1.00     0.000    -2.353   -2.405   17.20  19.04  -1.00   3.16  15.00  1 0
 25.750   3969.5  -294.3 0.00 0.00   9.78    29.4  -4.05   35761  0.00  1.00     0.000    -2.473   -2.367   17.18  19.01  -1.00   3.16  15.00  1 0
 25.800   3954.8  -294.2 0.00 0.00  10.04    29.2  -4.07   35789  0.00  1.00     0.000    -2.583   -2.340   17.23  18.99  -1.00   3.16  15.00  1 0
 25.850   3940.1  -294.1 0.00 0.00  10.30    29.0  -4.09   35815  0.00  1.00     0.000    -2.698   -2.292   17.16  18.96  -1.00   3.16  15.00  1 0
 25.900   3925.4  -294.0 0.00 0.00  10.54    28.8  -4.12   35844  0.00  1.00     0.000    -2.795   -2.259   17.25  19.01  -1.00   3.16  15.00  1 0
 25.950   3910.7  -293.9 0.00 0.00  10.79    28.5  -4.15   35871  0.00  1.00     0.000    -2.895   -2.201   17.25  18.99  -1.00   3.16  15.00  1 0
 26.000   3896.0  -293.8 0.00 0.00  11.02    28.3  -4.18   35895  0.00  1.00     0.000    -2.996   -2.162   17.18  18.84  -1.00   3.16  15.00  1 0
 26.050   3881.3  -293.6 0.00 0.00  11.24    28.1  -4.22   35922  0.00  1.00     0.000    -3.080   -2.094   17.23  18.80  -1.00   3.16  15.00  1 0
 26.100   3866.6  -293.5 0.00 0.00  11.46    27.9  -4.26   35946  0.00  1.00     0.000    -3.167   -2.049   17.17  18.69  -1.00   3.16  15.00  1 0
 26.150   3851.9  -293.4 0.00 0.00  11.66    27.7  -4.31   35970  0.00  1.00     0.000    -3.247   -1.972   17.12  18.58  -1.00   3.16  15.00  1 0
 26.200   3837.3  -293.3 0.00 0.00  11.85    27.5  -4.36   35995  0.00  1.00     0.000    -3.317   -1.920   17.11  18.53  -1.00   3.16  15.00  1 0
 26.250   3822.6  -293.1 0.00 0.00  12.04    27.3  -4.41   36019  0.00  1.00     0.000    -3.385   -1.834   17.04  18.41  -1.00   3.16  15.00  1 0
 26.300   3808.0  -293.0 0.00 0.00  12.21    27.0  -4.47   36043  0.00  1.00     0.000    -3.443   -1.777   16.99  18.38  -1.00   3.16  15.00  1 0
 26.350   3793.3  -292.9 0.00 0.00  12.37    26.8  -4.53   36069  0.00  1.00     0.000    -3.479   -1.682   17.12  18.44  -1.00   3.16  15.00  1 0
 26.400   3778.7  -292.8 0.00 0.00  12.52    26.6  -4.59   36095  0.00  1.00     0.000    -3.510   -1.620   17.21  18.49  -1.00   3.16  15.00  1 0
 26.450   3764.0  -292.6 0.00 0.00  12.66    26.4  -4.65   36120  0.00  1.00     0.000    -3.533   -1.519   17.30  18.53  -1.00   3.16  15.00  1 0
 26.500   3749.4  -292.5 0.00 0.00  12.78    26.1  -4.72   36144  0.00  1.00     0.000    -3.558   -1.453   17.28  18.51  -1.00   3.16  15.00  1 0
 26.550   3734.8  -292.4 0.00 0.00  12.89    25.9  -4.79   36168  0.00  1.00     0.000    -3.564   -1.346   17.37  18.56  -1.00   3.16  15.00  1 0
 26.600   3720.2  -292.2 0.00 0.00  12.99    25.6  -4.86   36192  0.00  1.00     0.000    -3.566   -1.276   17.41  18.56  -1.00   3.16  15.00  1 0
 26.650   3705.6  -292.1 0.00 0.00  13.08    25.4  -4.93   36219  0.00  1.00     0.000    -3.546   -1.163   17.60  18.69  -1.00   3.16  15.00  1 0
 26.700   3691.0  -291.9 0.00 0.00  13.16    25.2  -5.00   36243  0.00  1.00     0.000    -3.526   -1.092   17.70  18.76  -1.00   3.16  15.00  1 0
 26.750   3676.4  -291.8 0.00 0.00  13.23    24.9  -5.07   36266  0.00  1.00     0.000    -3.503   -0.975   17.71  18.73  -1.00   3.16  15.00  1 0
 26.800   3661.8  -291.7 0.00 0.00  13.28    24.6  -5.14   36286  0.00  1.00     0.000    -3.483   -0.901   17.59  18.61  -1.00   3.16  15.00  1 0
 26.850   3647.2  -291.5 0.00 0.00  13.33    24.4  -5.21   36306  0.00  1.00     0.000    -3.445   -0.780   17.56  18.49  -1.00   3.16  15.00  1 0
 26.900   3632.6  -291.4 0.00 0.00  13.36    24.1  -5.28   36327  0.00  1.00     0.000    -3.403   -0.703   17.49  18.37  -1.00   3.16  15.00  1 0
 26.950   3618.1  -291.2 0.00 0.00  13.38    23.9  -5.36   36349  0.00  1.00     0.000    -3.339   -0.578   17.55  18.44  -1.00   3.16  15.00  1 0
 27.000   3603.5  -291.1 0.00 0.00  13.40    23.6  -5.43   36371  0.00  1.00     0.000    -3.269   -0.500   17.59  18.44  -1.00   3.16  15.00  1 0
 27.050   3589.0  -291.0 0.00 0.00  13.40    23.3  -5.50   36392  0.00  1.00     0.000    -3.195   -0.373   17.56  18.42  -1.00   3.16  15.00  1 0
 27.100   3574.4  -290.8 0.00 0.00  13.40    23.0  -5.57   36415  0.00  1.00     0.000    -3.099   -0.294   17.66  18.46  -1.00   3.16  15.00  1 0
 27.150   3559.9  -290.7 0.00 0.00  13.39    22.8  -5.63   36435  0.00  1.00     0.000    -3.006   -0.166   17.64  18.39  -1.00   3.16  15.00  1 0
 27.200   3545.3  -290.5 0.00 0.00  13.38    22.5  -5.70   36456  0.00  1.00     0.000    -2.898   -0.087   17.68  18.39  -1.00   3.16  15.00  1 0
 27.250   3530.8  -290.4 0.00 0.00  13.35    22.2  -5.76   36473  0.00  1.00     0.000    -2.800    0.041   17.49  18.18  -1.00   3.16  15.00  1 0
 27.300   3516.3  -290.2 0.00 0.00  13.33    21.9  -5.83   36488  0.00  1.00     0.000    -2.696    0.121   17.27  17.96  -1.00   3.16  15.00  1 0
 27.350   3501.8  -290.1 0.00 0.00  13.30    21.6  -5.89   36507  0.00  1.00     0.000    -2.568    0.250   17.22  17.90  -1.00   3.16  15.00  1 0
 27.400   3487.3  -289.9 0.00 0.00  13.26    21.3  -5.95   36527  0.00  1.00     0.000    -2.424    0.330   17.25  17.85  -1.00   3.16  15.00  1 0
 27.450   3472.8  -289.8 0.00 0.00  13.23    21.0  -6.00   36547  0.00  1.00     0.000    -2.274    0.455   17.25  17.84  -1.00   3.16  15.00  1 0
 27.500   3458.3  -289.7 0.00 0.00  13.19    20.7  -6.05   36567  0.00  1.00     0.000    -2.111    0.522   17.29  17.86  -1.00   3.16  15.00  1 0
 27.550   3443.8  -289.5 0.00 0.00  13.15    20.4  -6.10   36589  0.00  1.00     0.000    -1.932    0.621   17.42  17.96  -1.00   3.16  15.00  1 0
 27.600   3429.4  -289.4 0.00 0.00  13.12    20.1  -6.15   36605  0.00  1.00     0.000    -1.765    0.677   17.30  17.84  -1.00   3.16  15.00  1 0
 27.650   3414.9  -289.2 0.00 0.00  13.08    19.8  -6.19   36621  0.00  1.00     0.000    -1.588    0.760   17.21  17.75  -1.00   3.16  15.00  1 0
 27.700   3400.4  -289.1 0.00 0.00  13.04    19.5  -6.22   36639  0.00  1.00     0.000    -1.395    0.805   17.21  17.72  -1.00   3.16  15.00  1 0
 27.750   3386.0  -288.9 0.00 0.00  12.99    19.2  -6.25   36656  0.00  1.00     0.000    -1.194    0.869   17.20  17.64  -1.00   3.16  15.00  1 0
 27.800   3371.6  -288.8 0.00 0.00  12.95    18.9  -6.28   36671  0.00  1.00     0.000    -0.996    0.902   17.08  17.48  -1.00   3.16  15.00  1 0
 27.850   3357.1  -288.6 0.00 0.00  12.90    18.5  -6.29   36686  0.00  1.00     0.000    -0.789    0.948   16.99  17.34  -1.00   3.16  15.00  1 0
 27.900   3342.7  -288.4 0.00 0.00  12.85    18.2  -6.30   36703  0.00  1.00     0.000    -0.564    0.969   17.03  17.35  -1.00   3.16  15.00  1 0
 27.950   3328.3  -288.3 0.00 0.00  12.80    17.9  -6.30   36723  0.00  1.00     0.000    -0.318    0.994   17.25  17.55  -1.00   3.16  15.00  1 0
 28.000   3313.9  -288.1 0.00 0.00  12.75    17.6  -6.29   36740  0.00  1.00     0.000    -0.081    0.999   17.33  17.60  -1.00   3.16  15.00  1 0
 28.050   3299.5  -288.0 0.00 0.00  12.69    17.3  -6.27   36759  0.00  1.00     0.000     0.169    0.999   17.53  17.80  -1.00   3.16  15.00  1 0
 28.100   3285.1  -287.8 0.00 0.00  12.63    17.0  -6.24   36775  0.00  1.00     0.000     0.406    0.988   17.58  17.86  -1.00   3.16  15.00  1 0
 28.150   3270.7  -287.7 0.00 0.00  12.56    16.7  -6.19   36789  0.00  1.00     0.000     0.639    0.965   17.58  17.82  -1.00   3.16  15.00  1 0
 28.200   3256.3  -287.5 0.00 0.00  12.49    16.4  -6.14   36803  0.00  1.00     0.000     0.870    0.941   17.58  17.80  -1.00   3.16  15.00  1 0
 28.250   3241.9  -287.4 0.00 0.00  12.41    16.0  -6.07   36815  0.00  1.00     0.000     1.092    0.899   17.51  17.72  -1.00   3.16  15.00  1 0
 28.300   3227.6  -287.2 0.00 0.00  12.33    15.7  -6.00   36826  0.00  1.00     0.000     1.309    0.865   17.42  17.63  -1.00   3.16  15.00  1 0
 28.350   3213.2  -287.0 0.00 0.00  12.23    15.4  -5.92   36838  0.00  1.00     0.000     1.522    0.808   17.35  17.53  -1.00   3.16  15.00  1 0
 28.400   3198.9  -286.9 0.00 0.00  12.13    15.2  -5.82   36851  0.00  1.00     0.000     1.741    0.766   17.39  17.55  -1.00   3.16  15.00  1 0
 28.450   3184.5  -286.7 0.00 0.00  12.02    14.9  -5.72   36861  0.00  1.00     0.000     1.937    0.698   17.26  17.40  -1.00   3.16  15.00  1 0
 28.500   3170.2  -286.6 0.00 0.00  11.89    14.6  -5.61   36874  0.00  1.00    -0.000     2.145    0.650   17.33  17.45  -1.00   3.16  15.00  1 0
 28.550   3155.9  -286.4 0.00 0.00  11.75    14.3  -5.49   36884  0.00  1.00    -0.000     2.326    0.575   17.19  17.32  -1.00   3.16  15.00  1 0
 28.600   3141.6  -286.3 0.00 0.00  11.60    14.0  -5.36   36892  0.00  1.00    -0.000     2.497    0.524   17.03  17.15  -1.00   3.16  15.00  1 0
 28.650   3127.2  -286.1 0.00 0.00  11.44    13.8  -5.23   36907  0.00  1.00    -0.000     2.685    0.447   17.16  17.27  -1.00   3.16  15.00  1 0
 28.700   3112.9  -285.9 0.00 0.00  11.27    13.5  -5.08   36919  0.00  1.00    -0.000     2.851    0.396   17.14  17.25  -1.00   3.16  15.00  1 0
 28.750   3098.6  -285.8 0.00 0.00  11.08    13.3  -4.93   36932  0.00  1.00    -0.000     3.011    0.322   17.16  17.27  -1.00   3.16  15.00  1 0
 28.800   3084.4  -285.6 0.00 0.00  10.88    13.0  -4.78   36944  0.00  1.00    -0.000     3.156    0.275   17.14  17.23  -1.00   3.16  15.00  1 0
 28.850   3070.1  -285.5 0.00 0.00  10.67    12.8  -4.62   36954  0.00  1.00    -0.000     3.281    0.208   17.00  17.09  -1.00   3.16  15.00  1 0
 28.900   3055.8  -285.3 0.00 0.00  10.45    12.6  -4.45   36967  0.00  1.00    -0.000     3.408    0.166   17.01  17.10  -1.00   3.16  15.00  1 0
 28.950   3041.5  -285.2 0.00 0.00  10.22    12.3  -4.27   36981  0.00  1.00    -0.000     3.529    0.111   17.06  17.15  -1.00   3.16  15.00  1 0
 29.000   3027.3  -285.0 0.00 0.00   9.98    12.1  -4.09   36997  0.00  1.00    -0.000     3.642    0.079   17.15  17.24  -1.00   3.16  15.00  1 0
 29.050   3013.0  -284.9 0.00 0.00   9.73    11.9  -3.91   37012  0.00  1.00    -0.000     3.744    0.038   17.24  17.32  -1.00   3.16  15.00  1 0
 29.100   2998.8  -284.8 0.00 0.00   9.48    11.7  -3.72   37026  0.00  1.00    -0.000     3.824    0.017   17.21  17.28  -1.00   3.16  15.00  1 0
 29.150   2984.6  -284.6 0.00 0.00   9.22    11.6  -3.53   37042  0.00  1.00    -0.000     3.903   -0.005   17.29  17.38  -1.00   3.16  15.00  1 0
 29.200   2970.3  -284.5 0.00 0.00   8.96    11.4  -3.33   37059  0.00  1.00    -0.000     3.970   -0.013   17.36  17.47  -1.00   3.16  15.00  1 0
 29.250   2956.1  -284.3 0.00 0.00   8.69    11.2  -3.14   37077  0.00  1.00    -0.000     4.023   -0.013   17.39  17.54  -1.00   3.16  15.00  1 0
 29.300   2941.9  -284.2 0.00 0.00   8.43    11.1  -2.94   37092  0.00  1.00    -0.000     4.058   -0.007   17.32  17.50  -1.00   3.16  15.00  1 0
 29.350   2927.7  -284.1 0.06 0.00   8.16    10.9  -2.74   37105  0.00  1.00    -0.000     4.065   -0.000   17.07  17.26  -1.00   3.16  15.00  4 1
 29.400   2913.5  -283.9 0.16 0.00   7.91    10.8  -2.54   37122  0.00  1.00    -0.000     4.085   -0.000   17.04  17.27  -1.00   3.16  15.00  4 1
 29.450   2899.3  -283.8 0.26 0.00   7.65    10.7  -2.35   37138  0.00  1.00    -0.000     4.085   -0.000   16.90  17.16  -1.00   3.16  15.00  4 1
 29.500   2885.1  -283.7 0.36 0.00   7.41    10.6  -2.15   37155  0.00  1.00    -0.000     4.087   -0.000   16.85  17.12  -1.00   3.16  15.00  4 1
 29.550   2870.9  -283.6 0.46 0.00   7.16    10.5  -1.96   37176  0.00  1.00    -0.000     4.095   -0.000   16.94  17.24  -1.00   3.16  15.00  4 1
 29.600   2856.8  -283.4 0.56 0.00   6.93    10.4  -1.76   37195  0.00  1.00    -0.000     4.085   -0.000   16.90  17.24  -1.00   3.16  15.00  4 1
 29.650   2842.6  -283.3 0.66 0.00   6.70    10.3  -1.57   37210  0.00  1.00    -0.000     4.043   -0.000   16.59  16.99  -1.00   3.16  15.00  4 1
 29.700   2828.4  -283.2 0.76 0.00   6.49    10.2  -1.38   37230  0.00  1.00    -0.000     4.025   -0.000   16.60  17.05  -1.00   3.16  15.00  4 1
 29.750   2814.3  -283.1 0.85 0.00   6.27    10.1  -1.19   37251  0.00  1.00    -0.000     4.003   -0.000   16.61  17.10  -1.00   3.16  15.00  4 1
 29.800   2800.1  -283.0 0.91 0.00   6.07    10.1  -1.00   37273  0.00  1.00    -0.000     3.979   -0.000   16.66  17.20  -1.00   3.16  15.00  4 1
 29.850   2786.0  -282.8 0.95 0.00   5.88    10.0  -0.81   37292  0.00  1.00    -0.005     3.939   -0.000   16.59  17.18  -1.00   3.16  15.00  4 1
 29.900   2771.8  -282.7 0.97 0.02   5.69    10.0  -0.63   37306  0.04  1.00    -0.037     3.885   -0.000   16.41  17.02  -0.98   3.16  15.00  4 1
 29.950   2757.7  -282.6 0.98 0.04   5.51    10.0  -0.43   37311  0.10  1.00    -0.099     3.805   -0.000   16.03  16.65  -0.96   3.16  15.00  4 1
 30.000   2743.6  -282.4 0.99 0.08   5.32    10.0  -0.24   37312  0.18  1.00    -0.192     3.759   -0.000   16.11  16.77  -0.92   3.16  15.00  4 1
 30.050   2729.5  -282.1 0.99 0.13   5.13    10.0  -0.05   37295  0.29  1.00    -0.320     3.671    0.000   15.87  16.60  -0.88   3.16  15.00  4 1
 30.100   2715.4  -281.8 1.00 0.19   4.93    10.0   0.14   37266  0.42  1.00    -0.487     3.592    0.000   15.87  16.68  -0.82   3.16  15.00  4 1
 30.150   2701.3  -281.4 1.00 0.25   4.71    10.0   0.32   37215  0.56  0.98    -0.690     3.409    0.000   15.72  16.59  -0.76   3.16  15.00  4 1
 30.200   2687.2  -281.0 1.00 0.32   4.48    10.0   0.47   37153  0.71  0.92    -0.908     3.105    0.000   15.65  16.55  -0.70   3.16  15.00  4 1
 30.250   2673.2  -280.5 1.00 0.39   4.24    10.0   0.61   37081  0.87  0.86    -1.123     2.805    0.000   15.72  16.71  -0.63   3.16  15.00  4 1
 30.300   2659.2  -280.0 1.00 0.47   3.97    10.1   0.71   36995  1.04  0.79    -1.314     2.491    0.000   15.64  16.70  -0.55   3.16  15.00  4 1
 30.350   2645.2  -279.4 1.00 0.54   3.69    10.1   0.80   36895  1.21  0.73    -1.464     2.181    0.000   15.49  16.67  -0.48   3.16  15.00  4 1
 30.400   2631.2  -278.8 1.00 0.62   3.40    10.1   0.87   36779  1.38  0.66    -1.557     1.875    0.000   15.20  16.43  -0.41   3.16  15.00  4 1
 30.450   2617.3  -278.1 1.00 0.69   3.09    10.2   0.92   36652  1.55  0.60    -1.580     1.600    0.000   15.06  16.30  -0.34   3.16  15.00  4 1
 30.500   2603.4  -277.4 1.00 0.76   2.76    10.2   0.96   36513  1.71  0.54    -1.523     1.347    0.000   14.90  16.22  -0.27   3.16  15.00  4 1
 30.550   2589.6  -276.6 1.00 0.82   2.42    10.3   0.99   36368  1.86  0.48    -1.379     1.136    0.000   15.06  16.44  -0.20   3.16  15.00  4 1
 30.600   2575.8  -275.8 1.00 0.87   2.07    10.3   1.03   36205  1.99  0.43    -1.145     0.934    0.000   14.79  16.26  -0.14   3.16  15.00  4 1
 30.650   2562.0  -275.0 1.00 0.92   1.72    10.4   1.07   36037  2.11  0.39    -0.826     0.769    0.000   14.65  16.27  -0.09   3.16  15.00  4 1
 30.700   2548.3  -274.1 1.00 0.96   1.38    10.4   1.12   35859  2.21  0.35    -0.422     0.635    0.000   14.55  16.24  -0.05   3.16  15.00  4 1
 30.750   2534.6  -273.2 1.00 0.99   1.06    10.5   1.19   35676  2.28  0.32     0.050     0.529    0.000   14.40  16.17  -0.02   3.16  15.00  4 1
 30.800   2521.0  -272.3 1.00 1.00   0.79    10.5   1.27   35488  2.32  0.31     0.519     0.448    0.000   14.17  16.06   0.00   3.16  15.00  4 1
 30.850   2507.4  -271.4 1.00 1.00   0.63    10.6   1.37   35300  2.34  0.30     0.930     0.392    0.000   14.06  15.96   0.01   3.16  15.00  4 1
 30.900   2493.8  -270.5 1.00 1.00   0.64    10.7   1.48   35114  2.35  0.30     1.275     0.341    0.000   13.94  15.99   0.02   3.16  15.00  4 1
 30.950   2480.3  -269.6 1.00 1.00   0.80    10.8   1.61   34929  2.36  0.29     1.555     0.292    0.000   13.74  15.95   0.02   3.16  15.00  4 1
 31.000   2466.8  -268.7 1.00 1.00   1.01    10.8   1.74   34743  2.37  0.29     1.773     0.250    0.000   13.63  15.84   0.03   3.16  15.00  4 1
 31.050   2453.4  -267.8 1.00 1.00   1.23    10.9   1.87   34557  2.39  0.28     1.938     0.208    0.000   13.33  15.59   0.04   3.16  15.00  4 1
 31.100   2440.1  -267.0 1.00 1.00   1.45    11.0   2.01   34374  2.40  0.28     2.063     0.177    0.000   13.28  15.56   0.04   3.16  15.00  4 1
 31.150   2426.7  -266.1 1.00 1.00   1.64    11.1   2.15   34193  2.41  0.27     2.160     0.148    0.000   13.16  15.54   0.05   3.16  15.00  4 1
 31.200   2413.5  -265.2 1.00 1.00   1.80    11.2   2.29   34015  2.42  0.27     2.236     0.124    0.000   13.09  15.63   0.05   3.16  15.00  4 1
 31.250   2400.2  -264.3 1.00 1.00   1.95    11.4   2.43   33836  2.44  0.26     2.296     0.102    0.000   12.97  15.58   0.06   3.16  15.00  4 1
 31.300   2387.0  -263.5 1.00 1.00   2.06    11.5   2.57   33656  2.45  0.26     2.346     0.083    0.000   12.79  15.44   0.07   3.16  15.00  4 1
 31.350   2373.9  -262.6 1.00 1.00   2.15    11.6   2.71   33478  2.46  0.25     2.387     0.068  -11.775   12.71  15.40   0.07   3.16  15.00  4 1
 31.400   2360.8  -261.7 1.00 1.00   2.22    11.8   2.84   33305  2.47  0.25     2.445     0.064  -11.993   12.93  15.66   0.08   3.16  15.00  4 1
 31.450   2347.7  -260.9 1.00 1.00   2.26    11.9   2.98   33128  2.49  0.24     2.522     0.054  -12.320   12.84  15.55   0.08   3.16  15.00  4 1
 31.500   2334.7  -260.0 1.00 1.00   2.28    12.1   3.13   32955  2.50  0.24     2.618     0.050  -12.544   12.89  15.70   0.09   3.16  15.00  4 1
 31.550   2321.7  -259.2 1.00 1.00   2.28    12.2   3.27   32779  2.51  0.24     2.718     0.039  -12.886   12.56  15.46   0.09   3.16  15.00  4 1
 31.600   2308.8  -258.3 1.00 1.00   2.26    12.4   3.42   32607  2.53  0.23     2.808     0.041  -13.120   12.72  15.57   0.10   3.16  15.00  4 1
 31.650   2295.9  -257.5 1.00 1.00   2.22    12.6   3.58   32433  2.54  0.23     2.880     0.037  -13.478   12.49  15.40   0.11   3.16  15.00  4 1
 31.700   2283.0  -256.6 1.00 1.00   2.17    12.7   3.73   32261  2.55  0.22     2.930     0.040  -13.722   12.54  15.39   0.11   3.16  15.00  4 1
 31.750   2270.2  -255.8 1.00 1.00   2.10    12.9   3.89   32090  2.57  0.22     2.957     0.043  -14.093   12.52  15.36   0.12   3.16  15.00  4 1
 31.800   2257.4  -255.0 1.00 1.00   2.02    13.1   4.05   31917  2.58  0.21     2.962     0.046  -14.344   12.46  15.15   0.12   3.16  15.00  4 1
 31.850   2244.7  -254.1 1.00 1.00   1.94    13.3   4.21   31744  2.59  0.20     2.945     0.047  -14.720   12.20  14.80   0.13   3.16  15.00  4 1
 31.900   2232.0  -253.3 1.00 1.00   1.85    13.6   4.37   31574  2.61  0.20     2.910     0.050  -14.970   11.98  14.64   0.13   3.16  15.00  4 1
 31.950   2219.4  -252.5 1.00 1.00   1.76    13.8   4.53   31407  2.62  0.19     2.859     0.056  -15.344   11.87  14.61   0.14   3.16  15.00  4 1
 32.000   2206.8  -251.6 1.00 1.00   1.68    14.0   4.69   31238  2.63  0.19     2.793     0.063  -15.592   11.76  14.44   0.14   3.16  15.00  4 1
 32.050   2194.2  -250.8 1.00 1.00   1.61    14.2   4.84   31071  2.65  0.18     2.716     0.071  -15.959   11.72  14.38   0.15   3.16  15.00  4 1
 32.100   2181.7  -250.0 1.00 1.00   1.56    14.5   5.00   30907  2.66  0.18     2.630     0.079  -16.200   11.68  14.46   0.15   3.16  15.00  4 1
 32.150   2169.2  -249.2 1.00 1.00   1.53    14.7   5.14   30744  2.68  0.17     2.536     0.087  -16.558   11.62  14.58   0.16   3.16  15.00  4 1
 32.200   2156.8  -248.4 1.00 1.00   1.54    15.0   5.29   30581  2.69  0.17     2.437     0.095  -16.793   11.60  14.60   0.17   3.16  15.00  4 1
 32.250   2144.4  -247.5 1.00 1.00   1.58    15.3   5.43   30418  2.70  0.16     2.334     0.103  -17.139   11.57  14.64   0.17   3.16  15.00  4 1
 32.300   2132.0  -246.7 1.00 1.00   1.66    15.6   5.57   30251  2.72  0.16     2.229     0.108  -17.365   11.33  14.29   0.18   3.16  15.00  4 1
 32.350   2119.7  -245.9 1.00 1.00   1.78    15.8   5.71   30090  2.73  0.15     2.122     0.112  -17.698   11.09  14.27   0.18   3.16  15.00  4 1
 32.400   2107.4  -245.1 1.00 1.00   1.92    16.1   5.84   29926  2.75  0.15     2.012     0.117  -17.915   10.95  14.11   0.19   3.16  15.00  4 1
 32.450   2095.2  -244.3 1.00 1.00   2.09    16.4   5.96   29764  2.76  0.14     1.893     0.123  -18.233   10.95  14.04   0.19   3.16  15.00  4 1
 32.500   2083.0  -243.5 1.00 1.00   2.28    16.7   6.09   29603  2.78  0.14     1.765     0.129  -18.441   10.95  14.02   0.20   3.16  15.00  4 1
 32.550   2070.8  -242.7 1.00 1.00   2.48    17.0   6.21   29442  2.79  0.13     1.629     0.132  -18.743   10.80  13.88   0.20   3.16  15.00  4 1
 32.600   2058.7  -241.9 1.00 1.00   2.69    17.3   6.32   29281  2.81  0.12     1.487     0.135  -18.938   10.77  13.75   0.21   3.16  15.00  4 1
 32.650   2046.6  -241.1 1.00 1.00   2.91    17.7   6.43   29119  2.82  0.12     1.342     0.136  -19.221   10.68  13.45   0.21   3.16  15.00  4 1
 32.700   2034.6  -240.3 1.00 1.00   3.13    18.0   6.53   28961  2.84  0.11     1.197     0.137  -19.403   10.59  13.46   0.22   3.16  15.00  4 1
 32.750   2022.6  -239.5 1.00 1.00   3.35    18.3   6.62   28803  2.85  0.11     1.054     0.138  -19.665   10.69  13.45   0.22   3.16  15.00  4 1
 32.800   2010.7  -238.7 1.00 1.00   3.57    18.6   6.71   28644  2.87  0.10     0.916     0.137  -19.833   10.67  13.37   0.23   3.16  15.00  4 1
 32.850   1998.7  -237.9 1.00 1.00   3.79    19.0   6.80   28486  2.88  0.09     0.785     0.133  -20.076   10.43  13.09   0.23   3.16  15.00  4 1
 32.900   1986.9  -237.1 1.00 1.00   4.00    19.3   6.88   28330  2.90  0.09     0.662     0.131  -20.231   10.53  13.18   0.24   3.16  15.00  4 1
 32.950   1975.0  -236.3 1.00 1.00   4.20    19.7   6.96   28175  2.91  0.08     0.548     0.128  -20.456   10.61  13.23   0.24   3.16  15.00  4 1
 33.000   1963.2  -235.5 1.00 1.00   4.40    20.0   7.03   28020  2.93  0.08     0.443     0.122  -20.601   10.39  13.15   0.25   3.16  15.00  4 1
# RESULT verdict=5 td_v=5.52 lat=92.52 tilt=0.45 fuel=4457
