# scenario=entry seed=99 run=1  window t=[111.0,118.0]  wind_az=3.8832 rad u_ref=8.0
# t h vz thr ramp tilt lat vrad qbar CT shield  a_thrLat a_aeroLat a_cmdLat  windR windMag  steersgn amax tiltcap  phase eng
111.050   3956.3  -315.1 0.00 0.00  13.20    17.9  -2.44   41107  0.00  1.00     0.000    -1.721   -2.277   24.86  24.97  -1.00   3.16  15.00  3 0
111.100   3940.6  -314.7 0.00 0.00  12.94    17.8  -2.38   41077  0.00  1.00     0.000    -1.713   -2.306   24.76  24.88  -1.00   3.16  15.00  3 0
111.150   3924.9  -314.3 0.00 0.00  12.66    17.7  -2.32   41049  0.00  1.00     0.000    -1.702   -2.351   24.77  24.87  -1.00   3.16  15.00  3 0
111.200   3909.1  -314.0 0.00 0.00  12.37    17.5  -2.25   41025  0.00  1.00     0.000    -1.691   -2.386   24.86  24.95  -1.00   3.16  15.00  3 0
111.250   3893.5  -313.6 0.00 0.00  12.07    17.4  -2.18   40996  0.00  1.00     0.000    -1.716   -2.442   24.66  24.75  -1.00   3.16  15.00  3 0
111.300   3877.8  -313.3 0.00 0.00  11.76    17.3  -2.10   40973  0.00  1.00     0.000    -1.728   -2.486   24.70  24.78  -1.00   3.16  15.00  3 0
111.350   3862.1  -312.9 0.00 0.00  11.45    17.2  -2.02   40952  0.00  1.00     0.000    -1.748   -2.551   24.77  24.83  -1.00   3.16  15.00  3 0
111.400   3846.5  -312.6 0.00 0.00  11.14    17.1  -1.94   40927  0.00  1.00     0.000    -1.806   -2.604   24.56  24.61  -1.00   3.16  15.00  3 0
111.450   3830.9  -312.3 0.00 0.00  10.85    17.0  -1.85   40911  0.00  1.00     0.000    -1.838   -2.678   24.73  24.77  -1.00   3.16  15.00  3 0
111.500   3815.3  -312.0 0.00 0.00  10.58    16.9  -1.76   40891  0.00  1.00     0.000    -1.908   -2.734   24.64  24.66  -1.00   3.16  15.00  3 0
111.550   3799.7  -311.6 0.00 0.00  10.33    16.9  -1.68   40875  0.00  1.00     0.000    -1.972   -2.806   24.71  24.73  -1.00   3.16  15.00  3 0
111.600   3784.1  -311.3 0.00 0.00  10.12    16.8  -1.59   40858  0.00  1.00     0.000    -2.059   -2.861   24.64  24.65  -1.00   3.16  15.00  3 0
111.650   3768.5  -311.0 0.00 0.00   9.94    16.7  -1.52   40841  0.00  1.00     0.000    -2.153   -2.926   24.57  24.57  -1.00   3.16  15.00  3 0
111.700   3753.0  -310.7 0.00 0.00   9.81    16.6  -1.44   40828  0.00  1.00     0.000    -2.248   -2.978   24.57  24.57  -1.00   3.16  15.00  3 0
111.750   3737.5  -310.4 0.00 0.00   9.73    16.6  -1.37   40817  0.00  1.00     0.000    -2.343   -3.037   24.62  24.63  -1.00   3.16  15.00  3 0
111.800   3722.0  -310.1 0.00 0.00   9.70    16.5  -1.30   40806  0.00  1.00     0.000    -2.446   -3.086   24.65  24.67  -1.00   3.16  15.00  3 0
111.850   3706.5  -309.8 0.00 0.00   9.72    16.4  -1.23   40794  0.00  1.00     0.000    -2.561   -3.140   24.61  24.65  -1.00   3.16  15.00  3 0
111.900   3691.0  -309.5 0.00 0.00   9.80    16.4  -1.17   40780  0.00  1.00     0.000    -2.688   -3.186   24.49  24.55  -1.00   3.16  15.00  3 0
111.950   3675.5  -309.2 0.00 0.00   9.93    16.3  -1.11   40766  0.00  1.00     0.000    -2.828   -3.233   24.29  24.38  -1.00   3.16  15.00  3 0
112.000   3660.1  -308.9 0.00 0.00  10.11    16.3  -1.06   40755  0.00  1.00     0.000    -2.948   -3.274   24.31  24.43  -1.00   3.16  15.00  3 0
112.050   3644.6  -308.6 0.00 0.00  10.33    16.2  -1.00   40748  0.00  1.00     0.000    -3.066   -3.313   24.39  24.56  -1.00   3.16  15.00  3 0
112.100   3629.2  -308.3 0.00 0.00  10.60    16.1  -0.96   40735  0.00  1.00     0.000    -3.208   -3.350   24.26  24.49  -1.00   3.16  15.00  3 0
112.150   3613.8  -308.0 0.00 0.00  10.90    16.1  -0.91   40720  0.00  1.00     0.000    -3.354   -3.381   24.09  24.37  -1.00   3.16  15.00  3 0
112.200   3598.4  -307.7 0.00 0.00  11.23    16.1  -0.88   40705  0.00  1.00     0.000    -3.507   -3.411   23.88  24.23  -1.00   3.16  15.00  3 0
112.250   3583.0  -307.4 0.00 0.00  11.59    16.0  -0.85   40689  0.00  1.00     0.000    -3.664   -3.430   23.64  24.07  -1.00   3.16  15.00  3 0
112.300   3567.6  -307.1 0.00 0.00  11.97    16.0  -0.82   40674  0.00  1.00     0.000    -3.809   -3.452   23.51  24.01  -1.00   3.16  15.00  3 0
112.350   3552.3  -306.8 0.00 0.00  12.36    15.9  -0.80   40657  0.00  1.00     0.000    -3.969   -3.458   23.25  23.84  -1.00   3.16  15.00  3 0
112.400   3537.0  -306.5 0.00 0.00  12.76    15.9  -0.79   40641  0.00  1.00     0.000    -4.113   -3.470   23.13  23.81  -1.00   3.16  15.00  3 0
112.450   3521.6  -306.2 0.00 0.00  13.17    15.9  -0.79   40624  0.00  1.00     0.000    -4.258   -3.463   23.00  23.77  -1.00   3.16  15.00  3 0
112.500   3506.3  -305.9 0.00 0.00  13.58    15.8  -0.79   40605  0.00  1.00     0.000    -4.405   -3.466   22.84  23.69  -1.00   3.16  15.00  3 0
112.550   3491.1  -305.6 0.00 0.00  14.00    15.8  -0.80   40587  0.00  1.00     0.000    -4.544   -3.445   22.73  23.68  -1.00   3.16  15.00  3 0
112.600   3475.8  -305.3 0.00 0.00  14.41    15.7  -0.81   40567  0.00  1.00     0.000    -4.685   -3.437   22.59  23.65  -1.00   3.16  15.00  3 0
112.650   3460.5  -304.9 0.00 0.00  14.81    15.7  -0.84   40538  0.00  1.00     0.000    -4.851   -3.401   22.17  23.26  -1.00   3.16  15.00  3 0
112.700   3445.3  -304.6 0.00 0.00  15.21    15.7  -0.87   40515  0.00  1.00     0.000    -4.984   -3.381   22.05  23.21  -1.00   3.16  15.00  3 0
112.750   3430.1  -304.3 0.00 0.00  15.59    15.6  -0.91   40492  0.00  1.00     0.000    -5.120   -3.328   21.86  23.13  -1.00   3.16  15.00  3 0
112.800   3414.9  -304.0 0.00 0.00  15.97    15.6  -0.95   40471  0.00  1.00     0.000    -5.233   -3.297   21.88  23.23  -1.00   3.16  15.00  3 0
112.850   3399.7  -303.6 0.00 0.00  16.33    15.5  -1.01   40446  0.00  1.00     0.000    -5.353   -3.230   21.77  23.20  -1.00   3.16  15.00  3 0
112.900   3384.5  -303.3 0.00 0.00  16.68    15.5  -1.07   40417  0.00  1.00     0.000    -5.482   -3.188   21.53  23.02  -1.00   3.16  15.00  3 0
112.950   3369.3  -303.0 0.00 0.00  17.02    15.4  -1.13   40396  0.00  1.00     0.000    -5.573   -3.106   21.63  23.23  -1.00   3.16  15.00  3 0
113.000   3354.2  -302.6 0.00 0.00  17.34    15.3  -1.20   40374  0.00  1.00     0.000    -5.662   -3.054   21.71  23.44  -1.00   3.16  15.00  3 0
113.050   3339.1  -302.3 0.00 0.00  17.65    15.3  -1.28   40344  0.00  1.00     0.000    -5.773   -2.950   21.50  23.32  -1.00   3.16  15.00  3 0
113.100   3324.0  -301.9 0.00 0.00  17.95    15.2  -1.36   40315  0.00  1.00     0.000    -5.868   -2.838   21.41  23.29  -1.00   3.16  15.00  3 0
113.150   3308.9  -301.6 0.00 0.00  18.22    15.1  -1.45   40283  0.00  1.00     0.000    -5.961   -2.663   21.28  23.18  -1.00   3.16  15.00  3 0
113.200   3293.8  -301.2 0.00 0.00  18.48    15.1  -1.55   40247  0.00  1.00     0.000    -6.060   -2.544   21.00  22.93  -1.00   3.16  15.00  3 0
113.250   3278.8  -300.9 0.00 0.00  18.72    15.0  -1.67   40218  0.00  1.00     0.000    -6.127   -2.351   20.95  23.00  -1.00   3.16  15.00  3 0
113.300   3263.7  -300.5 0.00 0.00  18.92    14.9  -1.80   40186  0.00  1.00     0.000    -6.176   -2.218   20.93  23.03  -1.00   3.16  15.00  3 0
113.350   3248.7  -300.1 0.00 0.00  19.09    14.8  -1.95   40153  0.00  1.00     0.000    -6.208   -2.006   20.93  23.07  -1.00   3.16  15.00  3 0
113.400   3233.7  -299.8 0.00 0.00  19.22    14.7  -2.11   40118  0.00  1.00     0.000    -6.228   -1.862   20.86  23.05  -1.00   3.16  15.00  3 0
113.450   3218.7  -299.4 0.00 0.00  19.31    14.6  -2.28   40080  0.00  1.00     0.000    -6.233   -1.639   20.72  22.94  -1.00   3.16  15.00  3 0
113.500   3203.8  -299.0 0.00 0.00  19.35    14.5  -2.46   40039  0.00  1.00     0.000    -6.226   -1.488   20.48  22.69  -1.00   3.16  15.00  3 0
113.550   3188.8  -298.7 0.00 0.00  19.34    14.4  -2.65   40004  0.00  1.00     0.000    -6.163   -1.258   20.57  22.72  -1.00   3.16  15.00  3 0
113.600   3173.9  -298.3 0.00 0.00  19.28    14.2  -2.84   39969  0.00  1.00     0.000    -6.087   -1.105   20.52  22.75  -1.00   3.16  15.00  3 0
113.650   3159.0  -297.9 0.00 0.00  19.16    14.1  -3.04   39934  0.00  1.00     0.000    -5.977   -0.876   20.56  22.74  -1.00   3.16  15.00  3 0
113.700   3144.1  -297.5 0.00 0.00  18.99    13.9  -3.24   39900  0.00  1.00     0.000    -5.835   -0.726   20.65  22.79  -1.00   3.16  15.00  3 0
113.750   3129.3  -297.2 0.00 0.00  18.76    13.7  -3.44   39869  0.00  1.00     0.000    -5.668   -0.506   20.69  22.89  -1.00   3.16  15.00  3 0
113.800   3114.4  -296.8 0.00 0.00  18.47    13.6  -3.64   39834  0.00  1.00     0.000    -5.489   -0.363   20.59  22.82  -1.00   3.16  15.00  3 0
113.850   3099.6  -296.5 0.00 0.00  18.13    13.4  -3.84   39795  0.00  1.00     0.000    -5.301   -0.156   20.28  22.54  -1.00   3.16  15.00  3 0
113.900   3084.8  -296.1 0.00 0.00  17.73    13.2  -4.03   39766  0.00  1.00     0.000    -5.047   -0.023   20.37  22.60  -1.00   3.16  15.00  3 0
113.950   3070.0  -295.8 0.00 0.00  17.28    13.0  -4.21   39738  0.00  1.00     0.000    -4.762    0.165   20.49  22.57  -1.00   3.16  15.00  3 0
114.000   3055.2  -295.4 0.00 0.00  16.78    12.8  -4.38   39712  0.00  1.00     0.000    -4.452    0.281   20.59  22.58  -1.00   3.16  15.00  3 0
114.050   3040.4  -295.1 0.00 0.00  16.23    12.5  -4.54   39687  0.00  1.00     0.000    -4.122    0.443   20.62  22.56  -1.00   3.16  15.00  3 0
114.100   3025.7  -294.8 0.00 0.00  15.63    12.3  -4.68   39663  0.00  1.00     0.000    -3.770    0.540   20.62  22.50  -1.00   3.16  15.00  3 0
114.150   3010.9  -294.5 0.00 0.00  14.99    12.1  -4.81   39637  0.00  1.00     0.000    -3.408    0.671   20.47  22.25  -1.00   3.16  15.00  3 0
114.200   2996.2  -294.2 0.00 0.00  14.31    11.8  -4.92   39618  0.00  1.00     0.000    -3.006    0.746   20.50  22.20  -1.00   3.16  15.00  3 0
114.250   2981.5  -293.9 0.00 0.00  13.59    11.6  -5.00   39602  0.00  1.00     0.000    -2.575    0.843   20.62  22.18  -1.00   3.16  15.00  3 0
114.300   2966.8  -293.6 0.00 0.00  12.84    11.3  -5.06   39589  0.00  1.00     0.000    -2.127    0.890   20.73  22.20  -1.00   3.16  15.00  3 0
114.350   2952.2  -293.3 0.00 0.00  12.07    11.1  -5.10   39578  0.00  1.00     0.000    -1.664    0.947   20.82  22.21  -1.00   3.16  15.00  3 0
114.400   2937.5  -293.1 0.00 0.00  11.28    10.8  -5.10   39569  0.00  1.00     0.000    -1.186    0.964   20.97  22.27  -1.00   3.16  15.00  3 0
114.450   2922.9  -292.8 0.00 0.00  10.48    10.6  -5.07   39563  0.00  1.00     0.000    -0.692    0.971   21.18  22.33  -1.00   3.16  15.00  3 0
114.500   2908.2  -292.6 0.00 0.00   9.68    10.3  -5.00   39556  0.00  1.00     0.000    -0.203    0.948   21.31  22.32  -1.00   3.16  15.00  3 0
114.550   2893.6  -292.3 0.00 0.00   8.87    10.1  -4.90   39549  0.00  1.00     0.000     0.281    0.886   21.37  22.25  -1.00   3.16  15.00  3 0
114.600   2879.0  -292.1 0.00 0.00   8.08     9.8  -4.76   39545  0.00  1.00     0.000     0.761    0.808   21.47  22.19  -1.00   3.16  15.00  3 0
114.650   2864.4  -291.9 0.00 0.00   7.31     9.6  -4.58   39541  0.00  1.00     0.000     1.232    0.668   21.57  22.15  -1.00   3.16  15.00  3 0
114.700   2849.8  -291.7 0.00 0.00   6.58     9.4  -4.35   39534  0.00  1.00     0.000     1.669    0.555   21.51  21.97  -1.00   3.16  15.00  3 0
114.750   2835.2  -291.4 0.00 0.00   5.89     9.2  -4.08   39531  0.00  1.00     0.000     2.093    0.395   21.54  21.83  -1.00   3.16  15.00  3 0
114.800   2820.7  -291.2 0.00 0.00   5.25     9.0  -3.77   39526  0.00  1.00     0.000     2.480    0.284   21.50  21.69  -1.00   3.16  15.00  3 0
114.850   2806.1  -291.0 0.00 0.00   4.70     8.8  -3.42   39527  0.00  1.00    -0.000     2.856    0.145   21.69  21.80  -1.00   3.16  15.00  3 0
114.900   2791.6  -290.8 0.00 0.00   4.23     8.6  -3.03   39525  0.00  1.00    -0.000     3.175    0.056   21.71  21.75  -1.00   3.16  15.00  3 0
114.950   2777.0  -290.6 0.00 0.00   3.86     8.5  -2.61   39523  0.00  1.00    -0.000     3.450   -0.041   21.74  21.74  -1.00   3.16  15.00  3 0
115.000   2762.5  -290.4 0.00 0.00   3.61     8.4  -2.17   39522  0.00  1.00    -0.000     3.682   -0.096   21.78  21.79  -1.00   3.16  15.00  3 0
115.050   2748.0  -290.2 0.00 0.00   3.46     8.3  -1.71   39517  0.00  1.00    -0.000     3.850   -0.140   21.65  21.69  -1.00   3.16  15.00  3 0
115.100   2733.5  -290.0 0.00 0.00   3.41     8.2  -1.25   39514  0.00  1.00    -0.000     3.980   -0.156   21.57  21.69  -1.00   3.16  15.00  3 0
115.150   2719.0  -289.8 0.00 0.00   3.44     8.1  -0.78   39511  0.00  1.00    -0.000     4.069   -0.143   21.52  21.74  -1.00   3.16  15.00  3 0
115.200   2704.5  -289.5 0.00 0.00   3.54     8.1  -0.32   39511  0.00  1.00    -0.000     4.136   -0.119   21.61  21.94  -1.00   3.16  15.00  3 0
115.250   2690.0  -289.3 0.00 0.00   3.67     8.1   0.13   39505  0.00  1.00    -0.000     4.133   -0.052   21.35  21.86  -1.00   3.16  15.00  3 0
115.300   2675.6  -289.1 0.04 0.00   3.83     8.1   0.56   39503  0.00  1.00    -0.000     4.111    0.000   21.18  21.92  -1.00   3.16  15.00  4 1
115.350   2661.1  -288.9 0.14 0.00   3.99     8.2   0.98   39497  0.00  1.00    -0.000     4.052   -0.000   20.87  21.88  -1.00   3.16  15.00  4 1
115.400   2646.7  -288.7 0.24 0.00   4.16     8.2   1.36   39491  0.00  1.00    -0.000     3.964   -0.000   20.45  21.76  -1.00   3.16  15.00  4 1
115.450   2632.3  -288.5 0.34 0.00   4.32     8.3   1.73   39481  0.00  1.00    -0.000     3.870   -0.000   20.08  21.58  -1.00   3.16  15.00  4 1
115.500   2617.8  -288.3 0.44 0.00   4.46     8.4   2.07   39477  0.00  1.00    -0.000     3.786   -0.000   19.90  21.64  -1.00   3.16  15.00  4 1
115.550   2603.4  -288.0 0.54 0.00   4.60     8.5   2.39   39472  0.00  1.00    -0.000     3.691   -0.000   19.65  21.67  -1.00   3.16  15.00  4 1
115.600   2589.0  -287.8 0.64 0.00   4.72     8.6   2.68   39466  0.00  1.00    -0.000     3.588   -0.000   19.35  21.62  -1.00   3.16  15.00  4 1
115.650   2574.6  -287.6 0.74 0.00   4.82     8.8   2.96   39461  0.00  1.00    -0.000     3.479   -0.000   19.01  21.60  -1.00   3.16  15.00  4 1
115.700   2560.3  -287.4 0.84 0.00   4.92     8.9   3.21   39456  0.00  1.00    -0.000     3.389   -0.000   18.83  21.64  -1.00   3.16  15.00  4 1
115.750   2545.9  -287.2 0.90 0.00   5.00     9.1   3.45   39449  0.00  1.00    -0.000     3.301   -0.000   18.65  21.61  -1.00   3.16  15.00  4 1
115.800   2531.6  -287.0 0.94 0.00   5.07     9.3   3.67   39444  0.00  1.00    -0.001     3.204   -0.000   18.36  21.61  -1.00   3.16  15.00  4 1
115.850   2517.2  -286.7 0.96 0.01   5.14     9.5   3.88   39434  0.03  1.00    -0.019     3.100   -0.000   17.98  21.46  -0.99   3.16  15.00  4 1
115.900   2502.9  -286.5 0.98 0.04   5.18     9.7   4.07   39419  0.08  1.00    -0.056     3.026   -0.000   17.86  21.46  -0.97   3.16  15.00  4 1
115.950   2488.6  -286.2 0.99 0.08   5.21     9.9   4.25   39394  0.16  1.00    -0.117     2.944   -0.000   17.63  21.49  -0.93   3.16  15.00  4 1
116.000   2474.3  -285.9 0.99 0.12   5.22    10.1   4.42   39350  0.25  1.00    -0.211     2.853   -0.000   17.33  21.35  -0.89   3.16  15.00  4 1
116.050   2460.0  -285.5 1.00 0.18   5.20    10.3   4.58   39288  0.37  1.00    -0.346     2.755   -0.000   16.97  21.17  -0.84   3.16  15.00  4 1
116.100   2445.7  -285.0 1.00 0.24   5.15    10.5   4.72   39205  0.50  1.00    -0.527     2.652   -0.000   16.60  20.96  -0.79   3.16  15.00  4 1
116.150   2431.5  -284.4 1.00 0.31   5.06    10.8   4.85   39105  0.65  0.94    -0.744     2.413   -0.000   16.30  20.77  -0.73   3.16  15.00  4 1
116.200   2417.3  -283.8 1.00 0.38   4.94    11.0   4.95   38994  0.80  0.89    -0.980     2.176   -0.000   16.04  20.63  -0.66   3.16  15.00  4 1
116.250   2403.1  -283.2 1.00 0.45   4.78    11.3   5.03   38870  0.96  0.83    -1.214     1.939   -0.000   15.76  20.53  -0.59   3.16  15.00  4 1
116.300   2389.0  -282.5 1.00 0.53   4.58    11.5   5.09   38734  1.12  0.76    -1.427     1.730   -0.000   15.77  20.59  -0.52   3.16  15.00  4 1
116.350   2374.8  -281.7 1.00 0.60   4.34    11.8   5.12   38589  1.28  0.70    -1.599     1.519   -0.000   15.68  20.77  -0.45   3.16  15.00  4 1
116.400   2360.8  -280.9 1.00 0.67   4.06    12.0   5.14   38423  1.44  0.64    -1.713     1.304   -0.000   15.38  20.60  -0.38   3.16  15.00  4 1
116.450   2346.8  -280.1 1.00 0.74   3.75    12.3   5.14   38245  1.60  0.58    -1.752     1.111   -0.000   15.16  20.49  -0.32   3.16  15.00  4 1
116.500   2332.8  -279.2 1.00 0.81   3.39    12.6   5.13   38059  1.75  0.53    -1.702     0.942   -0.000   15.05  20.60  -0.25   3.16  15.00  4 1
116.550   2318.8  -278.3 1.00 0.86   3.01    12.8   5.12   37856  1.88  0.48    -1.555     0.792   -0.000   14.95  20.51  -0.19   3.16  15.00  4 1
116.600   2304.9  -277.3 1.00 0.91   2.60    13.1   5.11   37645  2.00  0.43    -1.305     0.662   -0.000   14.85  20.51  -0.14   3.16  15.00  4 1
116.650   2291.1  -276.3 1.00 0.95   2.18    13.3   5.11   37425  2.10  0.39    -0.955     0.555   -0.000   14.80  20.50  -0.10   3.16  15.00  4 1
116.700   2277.3  -275.2 1.00 0.98   1.74    13.6   5.12   37199  2.17  0.36    -0.513     0.464   -0.000   14.63  20.50  -0.06   3.16  15.00  4 1
116.750   2263.6  -274.2 1.00 1.00   1.29    13.8   5.15   36968  2.22  0.35    -0.006     0.395   -0.000   14.52  20.50  -0.04   3.16  15.00  4 1
116.800   2249.9  -273.1 1.00 1.00   0.86    14.1   5.21   36738  2.24  0.34     0.486     0.349   -0.000   14.57  20.64  -0.03   3.16  15.00  4 1
116.850   2236.3  -272.1 1.00 1.00   0.47    14.4   5.28   36509  2.25  0.33     0.915     0.305   -0.000   14.51  20.77  -0.02   3.16  15.00  4 1
116.900   2222.7  -271.0 1.00 1.00   0.24    14.6   5.36   36278  2.27  0.33     1.277     0.264   -0.000   14.42  20.70  -0.02   3.16  15.00  4 1
116.950   2209.2  -270.0 1.00 1.00   0.46    14.9   5.46   36048  2.28  0.32     1.570     0.219   -0.000   14.10  20.56  -0.01   3.16  15.00  4 1
117.000   2195.7  -269.0 1.00 1.00   0.77    15.2   5.57   35820  2.30  0.32     1.797     0.185   -0.000   13.96  20.43  -0.00   3.16  15.00  4 1
117.050   2182.3  -268.0 1.00 1.00   1.07    15.4   5.68   35594  2.31  0.31     1.963     0.154   -0.000   13.80  20.38   0.01   3.16  15.00  4 1
117.100   2168.9  -267.0 1.00 1.00   1.34    15.7   5.80   35370  2.33  0.31     2.074     0.134   -0.000   13.82  20.35   0.01   3.16  15.00  4 1
117.150   2155.6  -266.0 1.00 1.00   1.58    16.0   5.92   35145  2.34  0.30     2.126     0.112   -0.000   13.70  20.14   0.02   3.16  15.00  4 1
117.200   2142.3  -265.0 1.00 1.00   1.77    16.3   6.03   34925  2.35  0.30     2.120     0.099   -0.000   13.72  20.17   0.03   3.16  15.00  4 1
117.250   2129.1  -264.0 1.00 1.00   1.94    16.6   6.15   34702  2.37  0.29     2.060     0.087   -0.000   13.70  19.92   0.03   3.16  15.00  4 1
117.300   2115.9  -263.0 1.00 1.00   2.06    16.9   6.26   34483  2.38  0.28     1.968     0.079  -18.704   13.73  19.83   0.04   3.16  15.00  4 1
117.350   2102.8  -262.0 1.00 1.00   2.16    17.3   6.37   34268  2.40  0.28     1.933     0.070  -18.987   13.65  19.85   0.05   3.16  15.00  4 1
117.400   2089.7  -261.0 1.00 1.00   2.22    17.6   6.48   34052  2.41  0.27     1.971     0.067  -19.174   13.69  19.81   0.06   3.16  15.00  4 1
117.450   2076.7  -260.0 1.00 1.00   2.26    17.9   6.59   33842  2.43  0.27     2.053     0.068  -19.461   13.85  20.02   0.06   3.16  15.00  4 1
117.500   2063.7  -259.0 1.00 1.00   2.26    18.2   6.71   33628  2.44  0.26     2.149     0.067  -19.659   13.88  19.93   0.07   3.16  15.00  4 1
117.550   2050.8  -258.1 1.00 1.00   2.25    18.6   6.83   33416  2.46  0.26     2.241     0.063  -19.967   13.77  19.88   0.08   3.16  15.00  4 1
117.600   2037.9  -257.1 1.00 1.00   2.22    18.9   6.96   33204  2.47  0.25     2.320     0.060  -20.180   13.60  19.68   0.08   3.16  15.00  4 1
117.650   2025.1  -256.1 1.00 1.00   2.17    19.3   7.09   32994  2.49  0.24     2.381     0.064  -20.506   13.66  19.65   0.09   3.16  15.00  4 1
117.700   2012.3  -255.2 1.00 1.00   2.10    19.6   7.23   32785  2.50  0.24     2.421     0.065  -20.730   13.59  19.54   0.10   3.16  15.00  4 1
117.750   1999.6  -254.2 1.00 1.00   2.03    20.0   7.37   32579  2.52  0.23     2.442     0.071  -21.071   13.69  19.60   0.10   3.16  15.00  4 1
117.800   1986.9  -253.2 1.00 1.00   1.95    20.4   7.51   32371  2.54  0.23     2.443     0.076  -21.303   13.68  19.48   0.11   3.16  15.00  4 1
117.850   1974.2  -252.3 1.00 1.00   1.87    20.7   7.65   32168  2.55  0.22     2.428     0.083  -21.651   13.75  19.58   0.12   3.16  15.00  4 1
117.900   1961.6  -251.3 1.00 1.00   1.79    21.1   7.80   31961  2.57  0.21     2.397     0.088  -21.887   13.68  19.34   0.12   3.16  15.00  4 1
117.950   1949.1  -250.4 1.00 1.00   1.72    21.5   7.94   31757  2.58  0.21     2.353     0.095  -22.237   13.68  19.21   0.13   3.16  15.00  4 1
118.000   1936.6  -249.4 1.00 1.00   1.66    21.9   8.08   31554  2.60  0.20     2.297     0.101  -22.472   13.68  19.09   0.14   3.16  15.00  4 1
# RESULT verdict=5 td_v=4.60 lat=142.33 tilt=0.05 fuel=2286
