# scenario=entry seed=7 run=1  window t=[111.0,118.0]  wind_az=3.8832 rad u_ref=8.0
# t h vz thr ramp tilt lat vrad qbar CT shield  a_thrLat a_aeroLat a_cmdLat  windR windMag  steersgn amax tiltcap  phase eng
111.050   1506.2  -216.2 1.00 1.00   5.16    18.1   9.13   24724  3.30  0.05     0.063     0.087  -23.538   12.47  15.72   0.35   3.16  15.00  4 1
111.100   1495.5  -215.3 1.00 1.00   5.21    18.5   9.19   24544  3.33  0.05     0.043     0.088  -23.678   12.56  15.72   0.36   3.16  15.00  4 1
111.150   1484.7  -214.4 1.00 1.00   5.24    19.0   9.25   24367  3.35  0.05     0.025     0.087  -23.886   12.52  15.75   0.36   3.16  15.00  4 1
111.200   1474.0  -213.5 1.00 1.00   5.27    19.4   9.31   24188  3.38  0.05     0.010     0.088  -24.025   12.72  15.82   0.37   3.16  15.00  4 1
111.250   1463.4  -212.6 1.00 1.00   5.30    19.9   9.37   24010  3.40  0.05    -0.003     0.088  -24.231   12.87  15.91   0.37   3.16  15.00  4 1
111.300   1452.8  -211.7 1.00 1.00   5.32    20.4   9.43   23832  3.43  0.05    -0.013     0.088  -24.369   13.01  15.93   0.38   3.16  15.00  4 1
111.350   1442.2  -210.8 1.00 1.00   5.33    20.8   9.49   23657  3.45  0.05    -0.021     0.089  -24.575   13.30  16.24   0.38   3.16  15.00  4 1
111.400   1431.7  -209.9 1.00 1.00   5.34    21.3   9.54   23479  3.48  0.05    -0.027     0.089  -24.713   13.44  16.26   0.39   3.16  15.00  4 1
111.450   1421.2  -209.0 1.00 1.00   5.34    21.8   9.60   23302  3.50  0.05    -0.030     0.087  -24.918   13.33  16.19   0.39   3.16  15.00  4 1
111.500   1410.8  -208.1 1.00 1.00   5.34    22.3   9.66   23125  3.53  0.05    -0.031     0.086  -25.055   13.26  16.12   0.40   3.16  15.00  4 1
111.550   1400.4  -207.2 1.00 1.00   5.33    22.8   9.72   22949  3.56  0.05    -0.030     0.086  -25.259   13.42  16.17   0.40   3.16  15.00  4 1
111.600   1390.1  -206.3 1.00 1.00   5.32    23.3   9.78   22773  3.58  0.05    -0.026     0.085  -25.396   13.39  16.16   0.41   3.16  15.00  4 1
111.650   1379.8  -205.4 1.00 1.00   5.31    23.7   9.83   22596  3.61  0.05    -0.021     0.083  -25.599   13.27  15.98   0.41   3.16  15.00  4 1
111.700   1369.5  -204.5 1.00 1.00   5.29    24.2   9.89   22419  3.64  0.05    -0.015     0.082  -25.735   13.25  15.88   0.42   3.16  15.00  4 1
111.750   1359.3  -203.6 1.00 1.00   5.27    24.7   9.95   22247  3.67  0.05    -0.007     0.081  -25.937   13.34  16.08   0.42   3.16  15.00  4 1
111.800   1349.2  -202.7 1.00 1.00   5.24    25.2  10.01   22072  3.70  0.05     0.003     0.081  -26.073   13.45  16.13   0.43   3.16  15.00  4 1
111.850   1339.1  -201.8 1.00 1.00   5.22    25.7  10.06   21896  3.73  0.05     0.014     0.080  -26.277   13.52  16.05   0.43   3.16  15.00  4 1
111.900   1329.0  -200.9 1.00 1.00   5.19    26.2  10.12   21723  3.75  0.05     0.025     0.079  -26.414   13.65  16.16   0.44   3.16  15.00  4 1
111.950   1319.0  -200.0 1.00 1.00   5.15    26.7  10.18   21547  3.78  0.05     0.039     0.078  -26.618   13.68  16.07   0.44   3.16  15.00  4 1
112.000   1309.0  -199.1 1.00 1.00   5.12    27.3  10.24   21377  3.81  0.05     0.053     0.077  -26.755   13.72  16.25   0.45   3.16  15.00  4 1
112.050   1299.1  -198.2 1.00 1.00   5.08    27.8  10.30   21203  3.85  0.05     0.067     0.076  -26.959   13.72  16.22   0.45   3.16  15.00  4 1
112.100   1289.2  -197.3 1.00 1.00   5.05    28.3  10.36   21032  3.88  0.05     0.083     0.075  -27.097   13.91  16.44   0.46   3.16  15.00  4 1
112.150   1279.3  -196.4 1.00 1.00   5.01    28.8  10.42   20858  3.91  0.05     0.098     0.073  -27.301   13.67  16.15   0.46   3.16  15.00  4 1
112.200   1269.5  -195.5 1.00 1.00   4.97    29.3  10.48   20687  3.94  0.05     0.113     0.072  -27.438   13.60  16.12   0.47   3.16  15.00  4 1
112.250   1259.8  -194.6 1.00 1.00   4.94    29.9  10.53   20515  3.97  0.05     0.128     0.071  -27.641   13.74  16.18   0.47   3.16  15.00  4 1
112.300   1250.1  -193.7 1.00 1.00   4.90    30.4  10.59   20343  4.01  0.05     0.143     0.070  -27.778   13.67  16.06   0.48   3.16  15.00  4 1
112.350   1240.4  -192.8 1.00 1.00   4.87    30.9  10.65   20170  4.04  0.05     0.157     0.068  -27.981   13.43  15.75   0.48   3.16  15.00  4 1
112.400   1230.8  -191.8 1.00 1.00   4.83    31.4  10.71   20000  4.07  0.05     0.170     0.066  -28.118   13.38  15.71   0.48   3.16  15.00  4 1
112.450   1221.2  -190.9 1.00 1.00   4.80    32.0  10.77   19829  4.11  0.05     0.182     0.065  -28.320   13.39  15.58   0.49   3.16  15.00  4 1
112.500   1211.7  -190.0 1.00 1.00   4.77    32.5  10.83   19659  4.14  0.05     0.193     0.065  -28.457   13.42  15.59   0.49   3.16  15.00  4 1
112.550   1202.2  -189.1 1.00 1.00   4.75    33.1  10.88   19489  4.18  0.05     0.204     0.063  -28.658   13.33  15.44   0.50   3.16  15.00  4 1
112.600   1192.8  -188.2 1.00 1.00   4.72    33.6  10.94   19319  4.22  0.05     0.213     0.062  -28.795   13.21  15.22   0.50   3.16  15.00  4 1
112.650   1183.4  -187.3 1.00 1.00   4.70    34.2  11.00   19149  4.25  0.05     0.220     0.061  -28.996   13.21  15.13   0.51   3.16  15.00  4 1
112.700   1174.1  -186.4 1.00 1.00   4.68    34.7  11.06   18983  4.28  0.05     0.226     0.060  -29.132   13.17  15.16   0.51   3.16  15.00  4 1
112.750   1164.8  -185.5 0.99 1.00   4.67    35.3  11.12   18818  4.28  0.05     0.229     0.060  -29.333   13.32  15.39   0.51   3.16  15.00  4 1
112.800   1155.5  -184.6 0.98 1.00   4.65    35.8  11.17   18657  4.27  0.05     0.230     0.059  -29.469   13.25  15.42   0.51   3.16  15.00  4 1
112.850   1146.3  -183.8 0.97 1.00   4.64    36.4  11.23   18498  4.25  0.05     0.228     0.058  -29.669   13.25  15.42   0.51   3.16  15.00  4 1
112.900   1137.1  -182.9 0.95 1.00   4.64    36.9  11.29   18341  4.23  0.05     0.226     0.058  -29.804   13.33  15.36   0.50   3.16  15.00  4 1
112.950   1128.0  -182.1 0.94 1.00   4.63    37.5  11.34   18190  4.21  0.05     0.222     0.057  -30.003   13.24  15.26   0.50   3.16  15.00  4 1
113.000   1118.9  -181.2 0.93 1.00   4.63    38.1  11.40   18042  4.19  0.05     0.217     0.057  -30.136   13.41  15.31   0.50   3.16  15.00  4 1
113.050   1109.9  -180.4 0.92 1.00   4.63    38.7  11.46   17897  4.17  0.05     0.211     0.056  -30.334   13.40  15.16   0.50   3.16  15.00  4 1
113.100   1100.9  -179.6 0.91 1.00   4.63    39.2  11.51   17756  4.17  0.05     0.205     0.056  -30.466   13.39  15.16   0.50   3.16  15.00  4 1
113.150   1091.9  -178.9 0.90 1.00   4.64    39.8  11.56   17618  4.16  0.05     0.198     0.055  -30.661   13.42  15.18   0.50   3.16  15.00  4 1
113.200   1083.0  -178.1 0.90 1.00   4.64    40.4  11.62   17482  4.16  0.05     0.192     0.055  -30.793   13.33  15.16   0.50   3.16  15.00  4 1
113.250   1074.1  -177.3 0.89 1.00   4.65    41.0  11.67   17348  4.17  0.05     0.185     0.054  -30.985   13.18  15.08   0.50   3.16  15.00  4 1
113.300   1065.3  -176.6 0.89 1.00   4.66    41.6  11.72   17215  4.18  0.05     0.177     0.053  -31.115   13.21  15.03   0.50   3.16  15.00  4 1
113.350   1056.5  -175.8 0.88 1.00   4.67    42.1  11.78   17085  4.20  0.05     0.169     0.052  -31.304   12.97  14.98   0.50   3.16  15.00  4 1
113.400   1047.7  -175.1 0.88 1.00   4.69    42.7  11.83   16956  4.22  0.05     0.159     0.052  -31.432   13.08  15.14   0.50   3.16  15.00  4 1
113.450   1038.9  -174.3 0.88 1.00   4.70    43.3  11.88   16826  4.24  0.05     0.150     0.052  -31.620   13.04  15.09   0.51   3.16  15.00  4 1
113.500   1030.2  -173.6 0.88 1.00   4.72    43.9  11.93   16695  4.26  0.05     0.139     0.052  -31.746   13.05  14.94   0.51   3.16  15.00  4 1
113.550   1021.6  -172.9 0.87 1.00   4.74    44.5  11.97   16566  4.29  0.05     0.128     0.051  -31.931   12.83  14.67   0.51   3.16  15.00  4 1
113.600   1013.0  -172.1 0.87 1.00   4.77    45.1  12.02   16438  4.32  0.05     0.115     0.050  -32.055   12.76  14.49   0.51   3.16  15.00  4 1
113.650   1004.4  -171.4 0.87 1.00   4.79    45.7  12.07   16311  4.35  0.05     0.102     0.049  -32.235   12.66  14.38   0.52   3.16  15.00  4 1
113.700    995.8  -170.6 0.87 1.00   4.82    46.3  12.11   16186  4.38  0.05     0.088     0.049  -32.357   12.47  14.38   0.52   3.16  15.00  4 1
113.750    987.3  -169.9 0.87 1.00   4.85    46.9  12.16   16059  4.41  0.05     0.074     0.047  -32.534   12.10  14.02   0.52   3.16  15.00  4 1
113.800    978.8  -169.2 0.87 1.00   4.88    47.5  12.20   15933  4.44  0.05     0.058     0.047  -32.653   12.14  13.92   0.53   3.16  15.00  4 1
113.850    970.4  -168.4 0.87 1.00   4.91    48.1  12.24   15807  4.47  0.05     0.041     0.048  -32.827   12.41  14.15   0.53   3.16  15.00  4 1
113.900    962.0  -167.7 0.87 1.00   4.95    48.8  12.29   15681  4.51  0.05     0.024     0.048  -32.944   12.44  14.07   0.54   3.16  15.00  4 1
113.950    953.6  -167.0 0.87 1.00   4.99    49.4  12.33   15557  4.54  0.05     0.006     0.048  -33.115   12.34  14.00   0.54   3.16  15.00  4 1
114.000    945.3  -166.2 0.87 1.00   5.03    50.0  12.37   15433  4.58  0.05    -0.014     0.047  -33.230   12.33  13.99   0.54   3.16  15.00  4 1
114.050    937.0  -165.5 0.87 1.00   5.08    50.6  12.40   15309  4.61  0.05    -0.033     0.046  -33.397   12.03  13.72   0.55   3.16  15.00  4 1
114.100    928.7  -164.8 0.87 1.00   5.12    51.2  12.44   15186  4.65  0.05    -0.054     0.046  -33.510   12.04  13.75   0.55   3.16  15.00  4 1
114.150    920.5  -164.0 0.87 1.00   5.17    51.9  12.48   15061  4.68  0.05    -0.076     0.046  -33.672   12.02  13.59   0.55   3.16  15.00  4 1
114.200    912.3  -163.3 0.87 1.00   5.22    52.5  12.51   14939  4.72  0.05    -0.099     0.046  -33.782   11.86  13.45   0.56   3.16  15.00  4 1
114.250    904.2  -162.6 0.87 1.00   5.28    53.1  12.55   14817  4.76  0.05    -0.122     0.046  -33.941   12.00  13.68   0.56   3.16  15.00  4 1
114.300    896.1  -161.8 0.87 1.00   5.33    53.7  12.58   14695  4.79  0.05    -0.147     0.047  -34.048   12.14  13.87   0.56   3.16  15.00  4 1
114.350    888.0  -161.1 0.87 1.00   5.39    54.4  12.61   14573  4.83  0.05    -0.172     0.047  -34.203   12.18  13.86   0.57   3.16  15.00  4 1
114.400    880.0  -160.3 0.87 1.00   5.45    55.0  12.64   14452  4.87  0.05    -0.198     0.048  -34.308   12.38  14.05   0.57   3.16  15.00  4 1
114.450    872.0  -159.6 0.87 1.00   5.51    55.6  12.67   14330  4.91  0.05    -0.224     0.048  -34.461   12.40  14.00   0.57   3.16  15.00  4 1
114.500    864.0  -158.9 0.87 1.00   5.57    56.3  12.70   14208  4.95  0.05    -0.252     0.049  -34.563   12.67  14.11   0.58   3.16  15.00  4 1
114.550    856.1  -158.1 0.87 1.00   5.64    56.9  12.73   14088  4.99  0.05    -0.279     0.049  -34.712   12.79  14.24   0.58   3.16  15.00  4 1
114.600    848.2  -157.4 0.87 1.00   5.70    57.5  12.76   13968  5.03  0.05    -0.307     0.049  -34.812   12.80  14.32   0.58   3.16  15.00  4 1
114.650    840.3  -156.7 0.87 1.00   5.76    58.2  12.78   13848  5.07  0.05    -0.334     0.050  -34.957   12.83  14.29   0.59   3.16  15.00  4 1
114.700    832.5  -155.9 0.87 1.00   5.83    58.8  12.81   13729  5.12  0.05    -0.363     0.049  -35.054   12.70  14.19   0.59   3.16  15.00  4 1
114.750    824.8  -155.2 0.87 1.00   5.90    59.5  12.83   13610  5.16  0.05    -0.391     0.049  -35.194   12.54  14.02   0.59   3.16  15.00  4 1
114.800    817.0  -154.5 0.87 1.00   5.96    60.1  12.85   13491  5.20  0.05    -0.419     0.049  -35.288   12.71  14.11   0.60   3.16  15.00  4 1
114.850    809.3  -153.7 0.86 1.00   6.03    60.7  12.87   13372  5.25  0.05    -0.448     0.049  -35.422   12.57  13.93   0.60   3.16  15.00  4 1
114.900    801.6  -153.0 0.86 1.00   6.10    61.4  12.89   13253  5.29  0.05    -0.477     0.049  -35.512   12.63  13.88   0.60   3.16  15.00  4 1
114.950    794.0  -152.2 0.86 1.00   6.17    62.0  12.91   13135  5.34  0.05    -0.506     0.050  -35.642   12.69  13.86   0.61   3.16  15.00  4 1
115.000    786.4  -151.5 0.86 1.00   6.24    62.7  12.93   13019  5.38  0.05    -0.536     0.049  -35.729   12.53  13.78   0.61   3.16  15.00  4 1
115.050    778.9  -150.8 0.86 1.00   6.31    63.3  12.94   12903  5.43  0.05    -0.565     0.048  -35.853   12.10  13.39   0.61   3.16  15.00  4 1
115.100    771.3  -150.0 0.86 1.00   6.38    64.0  12.95   12786  5.47  0.05    -0.595     0.048  -35.935   12.05  13.25   0.62   3.16  15.00  4 1
115.150    763.9  -149.3 0.86 1.00   6.45    64.6  12.96   12670  5.52  0.05    -0.625     0.049  -36.053   12.25  13.45   0.62   3.16  15.00  4 1
115.200    756.4  -148.6 0.86 1.00   6.52    65.3  12.97   12554  5.57  0.05    -0.656     0.050  -36.132   12.48  13.64   0.62   3.16  15.00  4 1
115.250    749.0  -147.8 0.86 1.00   6.60    65.9  12.98   12439  5.62  0.05    -0.686     0.050  -36.246   12.56  13.69   0.63   3.16  15.00  4 1
115.300    741.6  -147.1 0.86 1.00   6.67    66.6  12.99   12324  5.67  0.05    -0.717     0.051  -36.322   12.90  13.89   0.63   3.16  15.00  4 1
115.350    734.3  -146.4 0.86 1.00   6.74    67.2  12.99   12209  5.72  0.05    -0.748     0.051  -36.432   12.85  13.79   0.63   3.16  15.00  4 1
115.400    727.0  -145.6 0.86 1.00   6.82    67.9  13.00   12094  5.77  0.05    -0.779     0.051  -36.506   12.86  13.69   0.64   3.16  15.00  4 1
115.450    719.7  -144.9 0.86 1.00   6.89    68.5  13.00   11981  5.82  0.05    -0.809     0.051  -36.610   12.76  13.62   0.64   3.16  15.00  4 1
115.500    712.5  -144.2 0.86 1.00   6.96    69.2  13.00   11868  5.88  0.05    -0.840     0.051  -36.680   12.78  13.66   0.64   3.16  15.00  4 1
115.550    705.3  -143.4 0.86 1.00   7.04    69.8  13.00   11757  5.93  0.05    -0.870     0.050  -36.778   12.57  13.55   0.65   3.16  15.00  4 1
115.600    698.2  -142.7 0.86 1.00   7.11    70.5  13.00   11644  5.98  0.05    -0.901     0.050  -36.844   12.52  13.46   0.65   3.16  15.00  4 1
115.650    691.0  -141.9 0.86 1.00   7.19    71.1  13.00   11533  6.04  0.05    -0.932     0.050  -36.936   12.47  13.39   0.65   3.16  15.00  4 1
115.700    684.0  -141.2 0.86 1.00   7.26    71.8  12.99   11422  6.10  0.05    -0.963     0.050  -36.998   12.50  13.47   0.66   3.16  15.00  4 1
115.750    676.9  -140.5 0.86 1.00   7.33    72.4  12.98   11311  6.15  0.05    -0.994     0.050  -37.084   12.28  13.30   0.66   3.16  15.00  4 1
115.800    669.9  -139.7 0.86 1.00   7.41    73.1  12.97   11201  6.21  0.05    -1.026     0.050  -37.142   12.28  13.33   0.66   3.16  15.00  4 1
115.850    662.9  -139.0 0.86 1.00   7.49    73.7  12.96   11091  6.27  0.05    -1.057     0.050  -37.222   12.43  13.40   0.67   3.16  15.00  4 1
115.900    656.0  -138.3 0.86 1.00   7.56    74.4  12.95   10981  6.33  0.05    -1.089     0.050  -37.276   12.39  13.33   0.67   3.16  15.00  4 1
115.950    649.1  -137.5 0.86 1.00   7.64    75.0  12.94   10871  6.39  0.05    -1.120     0.050  -37.352   12.42  13.25   0.67   3.16  15.00  4 1
116.000    642.3  -136.8 0.86 1.00   7.71    75.7  12.92   10762  6.45  0.05    -1.152     0.050  -37.401   12.18  13.01   0.68   3.16  15.00  4 1
116.050    635.4  -136.1 0.86 1.00   7.79    76.3  12.91   10654  6.52  0.05    -1.184     0.050  -37.470   12.09  12.92   0.68   3.16  15.00  4 1
116.100    628.6  -135.3 0.86 1.00   7.87    76.9  12.89   10546  6.58  0.05    -1.217     0.050  -37.516   12.24  13.04   0.68   3.16  15.00  4 1
116.150    621.9  -134.6 0.86 1.00   7.94    77.6  12.87   10439  6.65  0.05    -1.249     0.050  -37.579   12.35  13.16   0.69   3.16  15.00  4 1
116.200    615.2  -133.9 0.86 1.00   8.02    78.2  12.85   10332  6.71  0.05    -1.281     0.051  -37.621   12.45  13.28   0.69   3.16  15.00  4 1
116.250    608.5  -133.1 0.86 1.00   8.10    78.9  12.82   10226  6.78  0.05    -1.314     0.049  -37.679   11.99  12.85   0.69   3.16  15.00  4 1
116.300    601.9  -132.4 0.86 1.00   8.18    79.5  12.80   10121  6.85  0.05    -1.346     0.049  -37.716   11.80  12.71   0.70   3.16  15.00  4 1
116.350    595.3  -131.7 0.86 1.00   8.26    80.2  12.77   10015  6.92  0.05    -1.379     0.048  -37.766   11.55  12.34   0.70   3.16  15.00  4 1
116.400    588.7  -130.9 0.86 1.00   8.33    80.8  12.74    9910  6.99  0.05    -1.412     0.048  -37.799   11.43  12.18   0.70   3.16  15.00  4 1
116.450    582.2  -130.2 0.86 1.00   8.42    81.4  12.71    9805  7.06  0.05    -1.446     0.048  -37.842   11.46  12.22   0.70   3.16  15.00  4 1
116.500    575.7  -129.5 0.86 1.00   8.50    82.1  12.67    9700  7.13  0.05    -1.480     0.049  -37.870   11.79  12.49   0.71   3.16  15.00  4 1
116.550    569.2  -128.7 0.86 1.00   8.58    82.7  12.64    9597  7.21  0.05    -1.514     0.050  -37.908   11.99  12.71   0.71   3.16  15.00  4 1
116.600    562.8  -128.0 0.85 1.00   8.66    83.3  12.60    9494  7.28  0.05    -1.548     0.049  -37.933   11.83  12.55   0.71   3.16  15.00  4 1
116.650    556.4  -127.3 0.85 1.00   8.74    84.0  12.57    9391  7.36  0.05    -1.583     0.049  -37.965   11.78  12.52   0.72   3.16  15.00  4 1
116.700    550.1  -126.5 0.85 1.00   8.83    84.6  12.53    9289  7.44  0.05    -1.618     0.049  -37.986   11.49  12.23   0.72   3.16  15.00  4 1
116.750    543.8  -125.8 0.85 1.00   8.91    85.2  12.48    9187  7.52  0.05    -1.653     0.050  -38.010   11.90  12.72   0.72   3.16  15.00  4 1
116.800    537.5  -125.1 0.85 1.00   8.99    85.8  12.44    9086  7.60  0.05    -1.688     0.050  -38.027   12.02  12.79   0.73   3.16  15.00  4 1
116.850    531.3  -124.3 0.85 1.00   9.08    86.5  12.40    8985  7.68  0.05    -1.728     0.050  -38.047   11.89  12.74   0.73   3.16  15.00  4 1
116.900    525.1  -123.6 0.85 1.00   9.16    87.1  12.35    8885  7.76  0.05    -1.775     0.050  -38.058   11.94  12.86   0.73   3.16  15.00  4 1
116.950    518.9  -122.9 0.85 1.00   9.25    87.7  12.30    8786  7.85  0.05    -1.829     0.049  -38.069   11.64  12.57   0.73   3.16  15.00  4 1
117.000    512.8  -122.1 0.85 1.00   9.33    88.3  12.25    8686  7.94  0.05    -1.890     0.049  -38.074   11.69  12.54   0.74   3.16  15.00  4 1
117.050    506.7  -121.4 0.85 1.00   9.41    88.9  12.19    8586  8.02  0.05    -1.957     0.050  -38.075   12.09  12.88   0.74   3.16  15.00  4 1
117.100    500.6  -120.7 0.85 1.00   9.50    89.5  12.13    8488  8.12  0.05    -2.027     0.050  -38.073   11.99  12.73   0.74   3.16  15.00  4 1
117.150    494.6  -119.9 0.85 1.00   9.58    90.1  12.07    8389  8.21  0.05    -2.098     0.049  -38.061   11.77  12.41   0.75   3.16  15.00  4 1
117.200    488.7  -119.2 0.85 1.00   9.66    90.7  12.00    8292  8.30  0.05    -2.168     0.049  -38.050   11.75  12.35   0.75   3.16  15.00  4 1
117.250    482.7  -118.5 0.85 1.00   9.74    91.3  11.93    8195  8.40  0.05    -2.237     0.049  -38.025   11.57  12.26   0.75   3.16  15.00  4 1
117.300    476.8  -117.7 0.85 1.00   9.82    91.9  11.86    8100  8.49  0.05    -2.303     0.048  -38.005   11.22  12.04   0.76   3.16  15.00  4 1
117.350    470.9  -117.0 0.85 1.00   9.89    92.5  11.78    8004  8.59  0.05    -2.366     0.048  -37.967   11.22  12.04   0.76   3.16  15.00  4 1
117.400    465.1  -116.3 0.85 1.00   9.97    93.1  11.70    7909  8.69  0.05    -2.426     0.049  -37.938   11.44  12.30   0.76   3.16  15.00  4 1
117.450    459.3  -115.5 0.85 1.00  10.04    93.7  11.62    7814  8.80  0.05    -2.483     0.049  -37.889   11.43  12.34   0.76   3.16  15.00  4 1
117.500    453.6  -114.8 0.85 1.00  10.11    94.3  11.53    7720  8.90  0.05    -2.535     0.049  -37.854   11.78  12.69   0.77   3.16  15.00  4 1
117.550    447.8  -114.1 0.85 1.00  10.18    94.8  11.44    7626  9.01  0.05    -2.581     0.049  -37.796   11.66  12.57   0.77   3.16  15.00  4 1
117.600    442.1  -113.3 0.85 1.00  10.24    95.4  11.35    7533  9.12  0.05    -2.623     0.048  -37.755   11.45  12.38   0.77   3.16  15.00  4 1
117.650    436.5  -112.6 0.85 1.00  10.30    96.0  11.26    7440  9.23  0.05    -2.660     0.049  -37.687   11.64  12.55   0.77   3.16  15.00  4 1
117.700    430.9  -111.9 0.85 1.00  10.36    96.5  11.16    7348  9.34  0.05    -2.692     0.049  -37.641   11.89  12.79   0.78   3.16  15.00  4 1
117.750    425.3  -111.1 0.85 1.00  10.42    97.1  11.07    7256  9.46  0.05    -2.721     0.049  -37.567   11.75  12.64   0.78   3.16  15.00  4 1
117.800    419.8  -110.4 0.85 1.00  10.47    97.6  10.97    7165  9.58  0.05    -2.745     0.048  -37.517   11.50  12.33   0.78   3.16  15.00  4 1
117.850    414.3  -109.7 0.85 1.00  10.52    98.2  10.87    7074  9.69  0.05    -2.767     0.048  -37.436   11.54  12.43   0.79   3.16  15.00  4 1
117.900    408.8  -109.0 0.85 1.00  10.57    98.7  10.77    6984  9.82  0.05    -2.786     0.048  -37.382   11.45  12.32   0.79   3.16  15.00  4 1
117.950    403.4  -108.2 0.85 1.00  10.62    99.3  10.67    6893  9.94  0.05    -2.804     0.048  -37.296   11.50  12.20   0.79   3.16  15.00  4 1
118.000    398.0  -107.5 0.85 1.00  10.66    99.8  10.56    6804 10.07  0.05    -2.821     0.047  -37.238   11.33  11.99   0.79   3.16  15.00  4 1
# RESULT verdict=5 td_v=4.65 lat=102.99 tilt=0.02 fuel=2164
