# scenario=entry seed=42 run=1  window t=[111.4,117.0]  wind_az=3.8832 rad u_ref=8.0
# t h vz thr ramp tilt lat vrad qbar CT shield  a_thrLat a_aeroLat a_cmdLat  windR windMag  steersgn amax tiltcap  phase eng
111.450   2733.7  -293.3 0.00 0.00   5.45    12.6  -2.43   40377  0.00  1.00     0.000     2.301   -0.003   20.04  20.16  -1.00   3.16  15.00  3 0
111.500   2719.0  -293.1 0.08 0.00   5.26    12.5  -2.32   40368  0.00  1.00    -0.000     2.481   -0.000   19.98  20.09  -1.00   3.16  15.00  4 1
111.550   2704.4  -292.8 0.18 0.00   5.08    12.4  -2.20   40365  0.00  1.00    -0.000     2.679   -0.000   20.12  20.23  -1.00   3.16  15.00  4 1
111.600   2689.8  -292.6 0.28 0.00   4.93    12.3  -2.07   40356  0.00  1.00    -0.000     2.848   -0.000   20.07  20.16  -1.00   3.16  15.00  4 1
111.650   2675.1  -292.3 0.38 0.00   4.79    12.2  -1.94   40350  0.00  1.00    -0.000     3.022   -0.000   20.10  20.17  -1.00   3.16  15.00  4 1
111.700   2660.5  -292.1 0.48 0.00   4.68    12.1  -1.80   40347  0.00  1.00    -0.000     3.206   -0.000   20.31  20.36  -1.00   3.16  15.00  4 1
111.750   2645.9  -291.9 0.58 0.00   4.60    12.0  -1.65   40339  0.00  1.00    -0.000     3.359   -0.000   20.29  20.34  -1.00   3.16  15.00  4 1
111.800   2631.3  -291.6 0.68 0.00   4.54    11.9  -1.50   40333  0.00  1.00    -0.000     3.511   -0.000   20.33  20.38  -1.00   3.16  15.00  4 1
111.850   2616.8  -291.4 0.78 0.00   4.49    11.9  -1.34   40328  0.00  1.00    -0.000     3.664   -0.000   20.46  20.51  -1.00   3.16  15.00  4 1
111.900   2602.2  -291.2 0.87 0.00   4.47    11.8  -1.17   40320  0.00  1.00    -0.000     3.795   -0.000   20.47  20.51  -1.00   3.16  15.00  4 1
111.950   2587.6  -291.0 0.92 0.00   4.47    11.7  -1.00   40311  0.00  1.00    -0.000     3.908   -0.000   20.39  20.43  -1.00   3.16  15.00  4 1
112.000   2573.1  -290.7 0.95 0.00   4.48    11.7  -0.82   40302  0.01  1.00    -0.006     4.017   -0.000   20.36  20.39  -1.00   3.16  15.00  4 1
112.050   2558.6  -290.5 0.97 0.02   4.51    11.7  -0.64   40287  0.04  1.00    -0.035     4.104   -0.000   20.21  20.24  -0.98   3.16  15.00  4 1
112.100   2544.1  -290.2 0.98 0.05   4.54    11.6  -0.44   40264  0.10  1.00    -0.096     4.187   -0.000   20.15  20.17  -0.96   3.16  15.00  4 1
112.150   2529.6  -289.9 0.99 0.09   4.56    11.6  -0.24   40228  0.19  1.00    -0.202     4.253   -0.000   20.08  20.10  -0.92   3.16  15.00  4 1
112.200   2515.1  -289.5 0.99 0.14   4.58    11.6  -0.04   40178  0.29  1.00    -0.370     4.319   -0.000   20.19  20.21  -0.88   3.16  15.00  4 1
112.250   2500.6  -289.0 1.00 0.20   4.58    11.6   0.17   40104  0.41  1.00    -0.615     4.338   -0.000   20.05  20.07  -0.83   3.16  15.00  4 1
112.300   2486.2  -288.5 1.00 0.27   4.56    11.6   0.37   40007  0.55  0.98    -0.936     4.251   -0.000   19.85  19.85  -0.77   3.16  15.00  4 1
112.350   2471.8  -287.9 1.00 0.33   4.51    11.6   0.54   39901  0.69  0.93    -1.310     4.009   -0.000   19.92  19.93  -0.71   3.16  15.00  4 1
112.400   2457.4  -287.2 1.00 0.41   4.43    11.7   0.69   39780  0.84  0.87    -1.712     3.727   -0.000   19.91  19.91  -0.64   3.16  15.00  4 1
112.450   2443.0  -286.6 1.00 0.48   4.32    11.7   0.80   39641  1.00  0.81    -2.115     3.402   -0.000   19.66  19.66  -0.57   3.16  15.00  4 1
112.500   2428.7  -285.8 1.00 0.56   4.17    11.8   0.88   39491  1.16  0.75    -2.492     3.080   -0.000   19.57  19.57  -0.51   3.16  15.00  4 1
112.550   2414.5  -285.0 1.00 0.63   3.98    11.8   0.93   39327  1.32  0.69    -2.813     2.756   -0.000   19.49  19.49  -0.44   3.16  15.00  4 1
112.600   2400.2  -284.2 1.00 0.70   3.76    11.8   0.95   39149  1.48  0.63    -3.037     2.438   -0.000   19.40  19.40  -0.37   3.16  15.00  4 1
112.650   2386.0  -283.3 1.00 0.77   3.50    11.9   0.95   38954  1.63  0.57    -3.134     2.114   -0.000   19.00  19.01  -0.31   3.16  15.00  4 1
112.700   2371.9  -282.3 1.00 0.83   3.21    11.9   0.93   38750  1.77  0.52    -3.078     1.829   -0.000   18.86  18.86  -0.25   3.16  15.00  4 1
112.750   2357.8  -281.4 1.00 0.88   2.89    12.0   0.90   38538  1.89  0.47    -2.850     1.578   -0.000   18.84  18.85  -0.19   3.16  15.00  4 1
112.800   2343.8  -280.3 1.00 0.93   2.55    12.0   0.88   38319  2.00  0.43    -2.441     1.365   -0.000   18.99  19.02  -0.14   3.16  15.00  4 1
112.850   2329.8  -279.3 1.00 0.97   2.20    12.1   0.87   38087  2.09  0.40    -1.849     1.173   -0.000   18.86  18.89  -0.11   3.16  15.00  4 1
112.900   2315.8  -278.2 1.00 0.99   1.83    12.1   0.88   37853  2.15  0.37    -1.119     1.027   -0.000   18.94  18.98  -0.08   3.16  15.00  4 1
112.950   2301.9  -277.2 1.00 1.00   1.47    12.2   0.93   37613  2.19  0.36    -0.314     0.910   -0.000   18.88  18.92  -0.06   3.16  15.00  4 1
113.000   2288.1  -276.1 1.00 1.00   1.12    12.2   1.01   37374  2.20  0.35     0.502     0.817   -0.000   18.79  18.85  -0.05   3.16  15.00  4 1
113.050   2274.3  -275.0 1.00 1.00   0.81    12.3   1.13   37138  2.22  0.35     1.253     0.735   -0.000   18.83  18.89  -0.04   3.16  15.00  4 1
113.100   2260.6  -274.0 1.00 1.00   0.58    12.3   1.27   36904  2.23  0.34     1.902     0.659   -0.000   18.93  19.01  -0.04   3.16  15.00  4 1
113.150   2246.9  -272.9 1.00 1.00   0.50    12.4   1.44   36669  2.24  0.34     2.444     0.584   -0.000   18.87  18.96  -0.03   3.16  15.00  4 1
113.200   2233.3  -271.9 1.00 1.00   0.59    12.5   1.64   36430  2.26  0.33     2.879     0.505   -0.000   18.49  18.59  -0.02   3.16  15.00  4 1
113.250   2219.8  -270.8 1.00 1.00   0.77    12.6   1.84   36196  2.27  0.33     3.203     0.440   -0.000   18.31  18.41  -0.01   3.16  15.00  4 1
113.300   2206.2  -269.8 1.00 1.00   0.95    12.7   2.05   35965  2.29  0.32     3.417     0.385   -0.000   18.20  18.31  -0.01   3.16  15.00  4 1
113.350   2192.8  -268.7 1.00 1.00   1.13    12.8   2.27   35735  2.30  0.32     3.537     0.335   -0.000   18.02  18.14  -0.00   3.16  15.00  4 1
113.400   2179.4  -267.7 1.00 1.00   1.28    12.9   2.49   35509  2.32  0.31     3.576     0.297   -0.000   17.99  18.14   0.01   3.16  15.00  4 1
113.450   2166.0  -266.7 1.00 1.00   1.40    13.0   2.71   35288  2.33  0.30     3.541     0.272   -0.000   18.20  18.38   0.01   3.16  15.00  4 1
113.500   2152.7  -265.7 1.00 1.00   1.50    13.2   2.92   35064  2.35  0.30     3.466     0.244  -12.420   18.13  18.32   0.02   3.16  15.00  4 1
113.550   2139.4  -264.7 1.00 1.00   1.57    13.3   3.13   34841  2.36  0.29     3.404     0.223  -12.884   18.12  18.30   0.03   3.16  15.00  4 1
113.600   2126.2  -263.7 1.00 1.00   1.62    13.5   3.33   34619  2.37  0.29     3.353     0.204  -13.190   18.02  18.23   0.04   3.16  15.00  4 1
113.650   2113.1  -262.7 1.00 1.00   1.65    13.6   3.53   34401  2.39  0.28     3.313     0.193  -13.638   18.10  18.33   0.04   3.16  15.00  4 1
113.700   2100.0  -261.7 1.00 1.00   1.66    13.8   3.73   34184  2.40  0.28     3.283     0.183  -13.936   18.08  18.37   0.05   3.16  15.00  4 1
113.750   2086.9  -260.7 1.00 1.00   1.65    14.0   3.93   33966  2.42  0.27     3.264     0.175  -14.375   18.02  18.33   0.06   3.16  15.00  4 1
113.800   2073.9  -259.7 1.00 1.00   1.61    14.2   4.12   33753  2.43  0.26     3.254     0.173  -14.668   18.09  18.45   0.07   3.16  15.00  4 1
113.850   2060.9  -258.7 1.00 1.00   1.57    14.4   4.31   33536  2.45  0.26     3.253     0.167  -15.105   17.93  18.32   0.07   3.16  15.00  4 1
113.900   2048.0  -257.7 1.00 1.00   1.50    14.6   4.51   33324  2.47  0.25     3.260     0.168  -15.397   18.00  18.43   0.08   3.16  15.00  4 1
113.950   2035.2  -256.7 1.00 1.00   1.42    14.9   4.70   33114  2.48  0.25     3.274     0.170  -15.835   18.04  18.51   0.09   3.16  15.00  4 1
114.000   2022.4  -255.7 1.00 1.00   1.33    15.1   4.89   32900  2.50  0.24     3.294     0.166  -16.130   17.78  18.30   0.09   3.16  15.00  4 1
114.050   2009.6  -254.8 1.00 1.00   1.22    15.4   5.09   32690  2.51  0.24     3.318     0.168  -16.573   17.67  18.24   0.10   3.16  15.00  4 1
114.100   1996.9  -253.8 1.00 1.00   1.10    15.6   5.29   32480  2.53  0.23     3.341     0.171  -16.872   17.63  18.19   0.11   3.16  15.00  4 1
114.150   1984.2  -252.8 1.00 1.00   0.97    15.9   5.49   32272  2.54  0.22     3.358     0.174  -17.323   17.52  18.10   0.11   3.16  15.00  4 1
114.200   1971.6  -251.9 1.00 1.00   0.84    16.2   5.69   32064  2.56  0.22     3.363     0.177  -17.626   17.38  17.97   0.12   3.16  15.00  4 1
114.250   1959.0  -250.9 1.00 1.00   0.71    16.5   5.89   31860  2.58  0.21     3.352     0.182  -18.083   17.30  17.97   0.13   3.16  15.00  4 1
114.300   1946.5  -250.0 1.00 1.00   0.61    16.8   6.09   31653  2.59  0.20     3.321     0.183  -18.389   17.01  17.71   0.13   3.16  15.00  4 1
114.350   1934.0  -249.0 1.00 1.00   0.55    17.1   6.29   31449  2.61  0.20     3.270     0.189  -18.845   16.99  17.64   0.14   3.16  15.00  4 1
114.400   1921.6  -248.1 1.00 1.00   0.57    17.4   6.49   31246  2.63  0.19     3.203     0.193  -19.149   16.85  17.57   0.15   3.16  15.00  4 1
114.450   1909.2  -247.1 1.00 1.00   0.67    17.7   6.69   31048  2.64  0.19     3.122     0.203  -19.600   17.05  17.79   0.15   3.16  15.00  4 1
114.500   1896.9  -246.2 1.00 1.00   0.83    18.1   6.88   30847  2.66  0.18     3.029     0.208  -19.899   16.99  17.72   0.16   3.16  15.00  4 1
114.550   1884.6  -245.2 1.00 1.00   1.02    18.4   7.07   30646  2.68  0.17     2.926     0.209  -20.342   16.71  17.47   0.17   3.16  15.00  4 1
114.600   1872.4  -244.3 1.00 1.00   1.25    18.8   7.26   30447  2.69  0.17     2.817     0.212  -20.633   16.59  17.33   0.17   3.16  15.00  4 1
114.650   1860.2  -243.4 1.00 1.00   1.48    19.1   7.44   30247  2.71  0.16     2.702     0.213  -21.062   16.41  17.11   0.18   3.16  15.00  4 1
114.700   1848.0  -242.4 1.00 1.00   1.73    19.5   7.62   30051  2.73  0.15     2.582     0.217  -21.343   16.46  17.12   0.18   3.16  15.00  4 1
114.750   1835.9  -241.5 1.00 1.00   1.98    19.9   7.80   29855  2.75  0.15     2.460     0.218  -21.757   16.41  17.05   0.19   3.16  15.00  4 1
114.800   1823.9  -240.6 1.00 1.00   2.24    20.3   7.97   29660  2.76  0.14     2.335     0.217  -22.028   16.23  16.91   0.20   3.16  15.00  4 1
114.850   1811.9  -239.7 1.00 1.00   2.50    20.7   8.14   29465  2.78  0.13     2.202     0.215  -22.426   16.11  16.79   0.20   3.16  15.00  4 1
114.900   1799.9  -238.7 1.00 1.00   2.76    21.1   8.30   29272  2.80  0.13     2.056     0.214  -22.685   16.12  16.75   0.21   3.16  15.00  4 1
114.950   1788.0  -237.8 1.00 1.00   3.02    21.5   8.45   29082  2.82  0.12     1.899     0.213  -23.065   16.28  16.88   0.21   3.16  15.00  4 1
115.000   1776.1  -236.9 1.00 1.00   3.28    21.9   8.60   28888  2.84  0.11     1.735     0.206  -23.311   16.09  16.64   0.22   3.16  15.00  4 1
115.050   1764.3  -236.0 1.00 1.00   3.53    22.4   8.74   28697  2.85  0.11     1.567     0.200  -23.666   16.00  16.52   0.23   3.16  15.00  4 1
115.100   1752.5  -235.1 1.00 1.00   3.78    22.8   8.88   28508  2.87  0.10     1.401     0.193  -23.895   15.99  16.52   0.23   3.16  15.00  4 1
115.150   1740.8  -234.2 1.00 1.00   4.02    23.3   9.01   28320  2.89  0.09     1.240     0.185  -24.226   15.97  16.51   0.24   3.16  15.00  4 1
115.200   1729.1  -233.3 1.00 1.00   4.25    23.7   9.13   28132  2.91  0.08     1.088     0.174  -24.439   15.86  16.40   0.24   3.16  15.00  4 1
115.250   1717.5  -232.3 1.00 1.00   4.48    24.2   9.24   27947  2.93  0.08     0.947     0.164  -24.746   15.95  16.52   0.25   3.16  15.00  4 1
115.300   1705.9  -231.4 1.00 1.00   4.69    24.6   9.35   27762  2.95  0.07     0.817     0.153  -24.944   16.06  16.59   0.26   3.16  15.00  4 1
115.350   1694.3  -230.5 1.00 1.00   4.89    25.1   9.46   27578  2.97  0.06     0.699     0.140  -25.233   16.17  16.68   0.26   3.16  15.00  4 1
115.400   1682.8  -229.6 1.00 1.00   5.08    25.6   9.56   27393  2.99  0.05     0.596     0.125  -25.419   16.08  16.57   0.27   3.16  15.00  4 1
115.450   1671.4  -228.7 1.00 1.00   5.25    26.1   9.65   27211  3.01  0.05     0.509     0.117  -25.691   16.21  16.70   0.27   3.16  15.00  4 1
115.500   1659.9  -227.9 1.00 1.00   5.42    26.6   9.75   27029  3.03  0.05     0.438     0.119  -25.868   16.29  16.77   0.28   3.16  15.00  4 1
115.550   1648.6  -227.0 1.00 1.00   5.57    27.0   9.84   26847  3.05  0.05     0.383     0.120  -26.130   16.26  16.77   0.28   3.16  15.00  4 1
115.600   1637.3  -226.1 1.00 1.00   5.71    27.5   9.93   26665  3.07  0.05     0.343     0.122  -26.303   16.25  16.77   0.29   3.16  15.00  4 1
115.650   1626.0  -225.2 1.00 1.00   5.84    28.0  10.02   26482  3.09  0.05     0.315     0.123  -26.561   16.29  16.78   0.30   3.16  15.00  4 1
115.700   1614.7  -224.3 1.00 1.00   5.95    28.5  10.11   26299  3.11  0.05     0.297     0.123  -26.732   16.14  16.61   0.30   3.16  15.00  4 1
115.750   1603.5  -223.4 1.00 1.00   6.06    29.1  10.20   26116  3.13  0.05     0.286     0.123  -26.987   16.09  16.51   0.31   3.16  15.00  4 1
115.800   1592.4  -222.5 1.00 1.00   6.15    29.6  10.28   25934  3.15  0.05     0.281     0.124  -27.158   16.23  16.58   0.31   3.16  15.00  4 1
115.850   1581.3  -221.6 1.00 1.00   6.24    30.1  10.37   25753  3.18  0.05     0.279     0.125  -27.414   16.39  16.71   0.32   3.16  15.00  4 1
115.900   1570.2  -220.7 1.00 1.00   6.32    30.6  10.46   25573  3.20  0.05     0.276     0.126  -27.586   16.53  16.86   0.32   3.16  15.00  4 1
115.950   1559.2  -219.8 1.00 1.00   6.39    31.1  10.55   25391  3.22  0.05     0.271     0.125  -27.845   16.39  16.71   0.33   3.16  15.00  4 1
116.000   1548.3  -218.9 1.00 1.00   6.45    31.7  10.64   25209  3.24  0.05     0.263     0.124  -28.017   16.30  16.61   0.33   3.16  15.00  4 1
116.050   1537.3  -218.0 1.00 1.00   6.50    32.2  10.73   25030  3.27  0.05     0.254     0.125  -28.274   16.53  16.81   0.34   3.16  15.00  4 1
116.100   1526.5  -217.1 1.00 1.00   6.55    32.7  10.82   24850  3.29  0.05     0.243     0.125  -28.446   16.71  16.99   0.35   3.16  15.00  4 1
116.150   1515.6  -216.1 1.00 1.00   6.59    33.3  10.91   24670  3.31  0.05     0.232     0.124  -28.703   16.60  16.90   0.35   3.16  15.00  4 1
116.200   1504.9  -215.2 1.00 1.00   6.62    33.8  10.99   24489  3.34  0.05     0.222     0.123  -28.874   16.61  16.88   0.36   3.16  15.00  4 1
116.250   1494.1  -214.3 1.00 1.00   6.64    34.4  11.08   24309  3.36  0.05     0.213     0.122  -29.129   16.52  16.80   0.36   3.16  15.00  4 1
116.300   1483.4  -213.4 1.00 1.00   6.66    34.9  11.17   24128  3.39  0.05     0.205     0.120  -29.298   16.22  16.52   0.37   3.16  15.00  4 1
116.350   1472.8  -212.5 1.00 1.00   6.68    35.5  11.25   23948  3.41  0.05     0.198     0.118  -29.549   16.10  16.38   0.37   3.16  15.00  4 1
116.400   1462.2  -211.6 1.00 1.00   6.69    36.1  11.34   23768  3.44  0.05     0.193     0.117  -29.716   15.92  16.21   0.38   3.16  15.00  4 1
116.450   1451.6  -210.7 1.00 1.00   6.70    36.6  11.42   23590  3.46  0.05     0.190     0.115  -29.964   15.92  16.21   0.38   3.16  15.00  4 1
116.500   1441.1  -209.8 1.00 1.00   6.70    37.2  11.50   23411  3.49  0.05     0.188     0.114  -30.129   15.96  16.22   0.39   3.16  15.00  4 1
116.550   1430.6  -208.9 1.00 1.00   6.70    37.8  11.59   23235  3.51  0.05     0.188     0.114  -30.377   16.17  16.44   0.39   3.16  15.00  4 1
116.600   1420.2  -208.0 1.00 1.00   6.70    38.4  11.67   23058  3.54  0.05     0.190     0.113  -30.542   16.22  16.51   0.40   3.16  15.00  4 1
116.650   1409.8  -207.1 1.00 1.00   6.69    38.9  11.75   22881  3.57  0.05     0.193     0.112  -30.789   16.25  16.55   0.40   3.16  15.00  4 1
116.700   1399.5  -206.2 1.00 1.00   6.68    39.5  11.83   22704  3.59  0.05     0.198     0.111  -30.954   16.29  16.57   0.41   3.16  15.00  4 1
116.750   1389.2  -205.3 1.00 1.00   6.67    40.1  11.92   22528  3.62  0.05     0.203     0.110  -31.201   16.43  16.73   0.41   3.16  15.00  4 1
116.800   1379.0  -204.4 1.00 1.00   6.65    40.7  12.00   22351  3.65  0.05     0.210     0.109  -31.366   16.49  16.76   0.42   3.16  15.00  4 1
116.850   1368.8  -203.5 1.00 1.00   6.64    41.3  12.08   22175  3.68  0.05     0.219     0.107  -31.614   16.52  16.75   0.43   3.16  15.00  4 1
116.900   1358.6  -202.6 1.00 1.00   6.62    41.9  12.17   22000  3.71  0.05     0.228     0.106  -31.779   16.52  16.80   0.43   3.16  15.00  4 1
116.950   1348.5  -201.7 1.00 1.00   6.60    42.5  12.25   21824  3.74  0.05     0.237     0.105  -32.027   16.57  16.83   0.44   3.16  15.00  4 1
117.000   1338.5  -200.7 1.00 1.00   6.58    43.2  12.33   21649  3.77  0.05     0.248     0.104  -32.192   16.64  16.86   0.44   3.16  15.00  4 1
# RESULT verdict=5 td_v=3.98 lat=143.88 tilt=0.02 fuel=2117
