# scenario=entry seed=42 run=1  window t=[110.5,122.0]  wind_az=3.8832 rad u_ref=8.0
# t h vz thr ramp tilt lat vrad qbar CT shield  a_thrLat a_aeroLat a_cmdLat  windR windMag  phase eng
110.550   2999.7  -297.8 0.00 0.00  10.00    15.4  -3.35   40561  0.00  1.00     0.000    -1.471   -0.461   21.26  21.28  3 0
110.600   2984.8  -297.6 0.00 0.00   9.76    15.2  -3.36   40551  0.00  1.00     0.000    -1.244   -0.430   21.33  21.35  3 0
110.650   2969.9  -297.3 0.00 0.00   9.52    15.1  -3.36   40536  0.00  1.00     0.000    -1.043   -0.386   21.12  21.16  3 0
110.700   2955.0  -297.0 0.00 0.00   9.27    14.9  -3.35   40523  0.00  1.00     0.000    -0.833   -0.360   20.98  21.03  3 0
110.750   2940.2  -296.8 0.00 0.00   9.02    14.7  -3.33   40512  0.00  1.00     0.000    -0.613   -0.325   20.92  20.99  3 0
110.800   2925.4  -296.5 0.00 0.00   8.75    14.6  -3.31   40498  0.00  1.00     0.000    -0.400   -0.304   20.78  20.86  3 0
110.850   2910.6  -296.3 0.00 0.00   8.49    14.4  -3.29   40488  0.00  1.00     0.000    -0.175   -0.274   20.76  20.84  3 0
110.900   2895.7  -296.0 0.00 0.00   8.22    14.2  -3.25   40479  0.00  1.00     0.000     0.052   -0.257   20.76  20.84  3 0
110.950   2881.0  -295.7 0.00 0.00   7.95    14.1  -3.21   40468  0.00  1.00     0.000     0.271   -0.232   20.69  20.78  3 0
111.000   2866.2  -295.5 0.00 0.00   7.68    13.9  -3.16   40459  0.00  1.00     0.000     0.492   -0.217   20.66  20.76  3 0
111.050   2851.4  -295.2 0.00 0.00   7.41    13.7  -3.10   40445  0.00  1.00     0.000     0.686   -0.194   20.39  20.49  3 0
111.100   2836.6  -295.0 0.00 0.00   7.14    13.6  -3.04   40434  0.00  1.00     0.000     0.889   -0.179   20.23  20.36  3 0
111.150   2821.9  -294.7 0.00 0.00   6.88    13.4  -2.97   40426  0.00  1.00     0.000     1.105   -0.156   20.23  20.35  3 0
111.200   2807.2  -294.5 0.00 0.00   6.62    13.3  -2.90   40418  0.00  1.00     0.000     1.317   -0.141   20.22  20.35  3 0
111.250   2792.5  -294.3 0.00 0.00   6.36    13.2  -2.82   40408  0.00  1.00     0.000     1.518   -0.115   20.14  20.27  3 0
111.300   2777.7  -294.0 0.00 0.00   6.12    13.0  -2.73   40399  0.00  1.00     0.000     1.716   -0.096   20.08  20.20  3 0
111.350   2763.1  -293.8 0.00 0.00   5.88    12.9  -2.63   40393  0.00  1.00     0.000     1.921   -0.065   20.11  20.24  3 0
111.400   2748.4  -293.5 0.00 0.00   5.66    12.7  -2.53   40384  0.00  1.00     0.000     2.110   -0.042   20.04  20.18  3 0
111.450   2733.7  -293.3 0.00 0.00   5.45    12.6  -2.43   40377  0.00  1.00     0.000     2.301   -0.003   20.04  20.16  3 0
111.500   2719.0  -293.1 0.08 0.00   5.26    12.5  -2.32   40368  0.00  1.00    -0.000     2.481   -0.000   19.98  20.09  4 1
111.550   2704.4  -292.8 0.18 0.00   5.08    12.4  -2.20   40365  0.00  1.00    -0.000     2.679   -0.000   20.12  20.23  4 1
111.600   2689.8  -292.6 0.28 0.00   4.93    12.3  -2.07   40356  0.00  1.00    -0.000     2.848   -0.000   20.07  20.16  4 1
111.650   2675.1  -292.3 0.38 0.00   4.79    12.2  -1.94   40350  0.00  1.00    -0.000     3.022   -0.000   20.10  20.17  4 1
111.700   2660.5  -292.1 0.48 0.00   4.68    12.1  -1.80   40347  0.00  1.00    -0.000     3.206   -0.000   20.31  20.36  4 1
111.750   2645.9  -291.9 0.58 0.00   4.60    12.0  -1.65   40339  0.00  1.00    -0.000     3.359   -0.000   20.29  20.34  4 1
111.800   2631.3  -291.6 0.68 0.00   4.54    11.9  -1.50   40333  0.00  1.00    -0.000     3.511   -0.000   20.33  20.38  4 1
111.850   2616.8  -291.4 0.78 0.00   4.49    11.9  -1.34   40328  0.00  1.00    -0.000     3.664   -0.000   20.46  20.51  4 1
111.900   2602.2  -291.2 0.87 0.00   4.47    11.8  -1.17   40320  0.00  1.00    -0.000     3.795   -0.000   20.47  20.51  4 1
111.950   2587.6  -291.0 0.92 0.00   4.47    11.7  -1.00   40311  0.00  1.00    -0.000     3.908   -0.000   20.39  20.43  4 1
112.000   2573.1  -290.7 0.95 0.00   4.48    11.7  -0.82   40302  0.01  1.00    -0.006     4.017   -0.000   20.36  20.39  4 1
112.050   2558.6  -290.5 0.97 0.02   4.51    11.7  -0.64   40287  0.04  1.00    -0.035     4.104   -0.000   20.21  20.24  4 1
112.100   2544.1  -290.2 0.98 0.05   4.54    11.6  -0.44   40264  0.10  1.00    -0.096     4.187   -0.000   20.15  20.17  4 1
112.150   2529.6  -289.9 0.99 0.09   4.56    11.6  -0.24   40228  0.19  1.00    -0.202     4.253   -0.000   20.08  20.10  4 1
112.200   2515.1  -289.5 0.99 0.14   4.58    11.6  -0.04   40178  0.29  1.00    -0.370     4.319   -0.000   20.19  20.21  4 1
112.250   2500.6  -289.0 1.00 0.20   4.58    11.6   0.17   40104  0.41  1.00    -0.615     4.338   -0.000   20.05  20.07  4 1
112.300   2486.2  -288.5 1.00 0.27   4.56    11.6   0.37   40007  0.55  0.98    -0.936     4.251   -0.000   19.85  19.85  4 1
112.350   2471.8  -287.9 1.00 0.33   4.51    11.6   0.54   39901  0.69  0.93    -1.310     4.009   -0.000   19.92  19.93  4 1
112.400   2457.4  -287.2 1.00 0.41   4.43    11.7   0.69   39780  0.84  0.87    -1.712     3.727   -0.000   19.91  19.91  4 1
112.450   2443.0  -286.6 1.00 0.48   4.32    11.7   0.80   39641  1.00  0.81    -2.115     3.402   -0.000   19.66  19.66  4 1
112.500   2428.7  -285.8 1.00 0.56   4.17    11.8   0.88   39491  1.16  0.75    -2.492     3.080   -0.000   19.57  19.57  4 1
112.550   2414.5  -285.0 1.00 0.63   3.98    11.8   0.93   39327  1.32  0.69    -2.813     2.756   -0.000   19.49  19.49  4 1
112.600   2400.2  -284.2 1.00 0.70   3.76    11.8   0.95   39149  1.48  0.63    -3.037     2.438   -0.000   19.40  19.40  4 1
112.650   2386.0  -283.3 1.00 0.77   3.50    11.9   0.95   38954  1.63  0.57    -3.134     2.114   -0.000   19.00  19.01  4 1
112.700   2371.9  -282.3 1.00 0.83   3.21    11.9   0.93   38750  1.77  0.52    -3.078     1.829   -0.000   18.86  18.86  4 1
112.750   2357.8  -281.4 1.00 0.88   2.89    12.0   0.90   38538  1.89  0.47    -2.850     1.578   -0.000   18.84  18.85  4 1
112.800   2343.8  -280.3 1.00 0.93   2.55    12.0   0.88   38319  2.00  0.43    -2.441     1.365   -0.000   18.99  19.02  4 1
112.850   2329.8  -279.3 1.00 0.97   2.20    12.1   0.87   38087  2.09  0.40    -1.849     1.173   -0.000   18.86  18.89  4 1
112.900   2315.8  -278.2 1.00 0.99   1.83    12.1   0.88   37853  2.15  0.37    -1.119     1.027   -0.000   18.94  18.98  4 1
112.950   2301.9  -277.2 1.00 1.00   1.47    12.2   0.93   37613  2.19  0.36    -0.314     0.910   -0.000   18.88  18.92  4 1
113.000   2288.1  -276.1 1.00 1.00   1.12    12.2   1.01   37374  2.20  0.35     0.502     0.817   -0.000   18.79  18.85  4 1
113.050   2274.3  -275.0 1.00 1.00   0.81    12.3   1.13   37138  2.22  0.35     1.253     0.735   -0.000   18.83  18.89  4 1
113.100   2260.6  -274.0 1.00 1.00   0.58    12.3   1.27   36904  2.23  0.34     1.902     0.659   -0.000   18.93  19.01  4 1
113.150   2246.9  -272.9 1.00 1.00   0.50    12.4   1.44   36669  2.24  0.34     2.444     0.584   -0.000   18.87  18.96  4 1
113.200   2233.3  -271.9 1.00 1.00   0.59    12.5   1.64   36430  2.26  0.33     2.879     0.505   -0.000   18.49  18.59  4 1
113.250   2219.8  -270.8 1.00 1.00   0.77    12.6   1.84   36196  2.27  0.33     3.203     0.440   -0.000   18.31  18.41  4 1
113.300   2206.2  -269.8 1.00 1.00   0.95    12.7   2.05   35965  2.29  0.32     3.417     0.385   -0.000   18.20  18.31  4 1
113.350   2192.8  -268.7 1.00 1.00   1.13    12.8   2.27   35735  2.30  0.32     3.537     0.335   -0.000   18.02  18.14  4 1
113.400   2179.4  -267.7 1.00 1.00   1.28    12.9   2.49   35509  2.32  0.31     3.576     0.297   -0.000   17.99  18.14  4 1
113.450   2166.0  -266.7 1.00 1.00   1.40    13.0   2.71   35288  2.33  0.30     3.541     0.272   -0.000   18.20  18.38  4 1
113.500   2152.7  -265.7 1.00 1.00   1.50    13.2   2.92   35064  2.35  0.30     3.466     0.244  -12.420   18.13  18.32  4 1
113.550   2139.4  -264.7 1.00 1.00   1.57    13.3   3.13   34841  2.36  0.29     3.404     0.223  -12.884   18.12  18.30  4 1
113.600   2126.2  -263.7 1.00 1.00   1.62    13.5   3.33   34619  2.37  0.29     3.353     0.204  -13.190   18.02  18.23  4 1
113.650   2113.1  -262.7 1.00 1.00   1.65    13.6   3.53   34401  2.39  0.28     3.313     0.193  -13.638   18.10  18.33  4 1
113.700   2100.0  -261.7 1.00 1.00   1.66    13.8   3.73   34184  2.40  0.28     3.283     0.183  -13.936   18.08  18.37  4 1
113.750   2086.9  -260.7 1.00 1.00   1.65    14.0   3.93   33966  2.42  0.27     3.264     0.175  -14.375   18.02  18.33  4 1
113.800   2073.9  -259.7 1.00 1.00   1.61    14.2   4.12   33753  2.43  0.26     3.254     0.173  -14.668   18.09  18.45  4 1
113.850   2060.9  -258.7 1.00 1.00   1.57    14.4   4.31   33536  2.45  0.26     3.253     0.167  -15.105   17.93  18.32  4 1
113.900   2048.0  -257.7 1.00 1.00   1.50    14.6   4.51   33324  2.47  0.25     3.260     0.168  -15.397   18.00  18.43  4 1
113.950   2035.2  -256.7 1.00 1.00   1.42    14.9   4.70   33114  2.48  0.25     3.274     0.170  -15.835   18.04  18.51  4 1
114.000   2022.4  -255.7 1.00 1.00   1.33    15.1   4.89   32900  2.50  0.24     3.294     0.166  -16.130   17.78  18.30  4 1
114.050   2009.6  -254.8 1.00 1.00   1.22    15.4   5.09   32690  2.51  0.24     3.318     0.168  -16.573   17.67  18.24  4 1
114.100   1996.9  -253.8 1.00 1.00   1.10    15.6   5.29   32480  2.53  0.23     3.341     0.171  -16.872   17.63  18.19  4 1
114.150   1984.2  -252.8 1.00 1.00   0.97    15.9   5.49   32272  2.54  0.22     3.358     0.174  -17.323   17.52  18.10  4 1
114.200   1971.6  -251.9 1.00 1.00   0.84    16.2   5.69   32064  2.56  0.22     3.363     0.177  -17.626   17.38  17.97  4 1
114.250   1959.0  -250.9 1.00 1.00   0.71    16.5   5.89   31860  2.58  0.21     3.352     0.182  -18.083   17.30  17.97  4 1
114.300   1946.5  -250.0 1.00 1.00   0.61    16.8   6.09   31653  2.59  0.20     3.321     0.183  -18.389   17.01  17.71  4 1
114.350   1934.0  -249.0 1.00 1.00   0.55    17.1   6.29   31449  2.61  0.20     3.270     0.189  -18.845   16.99  17.64  4 1
114.400   1921.6  -248.1 1.00 1.00   0.57    17.4   6.49   31246  2.63  0.19     3.203     0.193  -19.149   16.85  17.57  4 1
114.450   1909.2  -247.1 1.00 1.00   0.67    17.7   6.69   31048  2.64  0.19     3.122     0.203  -19.600   17.05  17.79  4 1
114.500   1896.9  -246.2 1.00 1.00   0.83    18.1   6.88   30847  2.66  0.18     3.029     0.208  -19.899   16.99  17.72  4 1
114.550   1884.6  -245.2 1.00 1.00   1.02    18.4   7.07   30646  2.68  0.17     2.926     0.209  -20.342   16.71  17.47  4 1
114.600   1872.4  -244.3 1.00 1.00   1.25    18.8   7.26   30447  2.69  0.17     2.817     0.212  -20.633   16.59  17.33  4 1
114.650   1860.2  -243.4 1.00 1.00   1.48    19.1   7.44   30247  2.71  0.16     2.702     0.213  -21.062   16.41  17.11  4 1
114.700   1848.0  -242.4 1.00 1.00   1.73    19.5   7.62   30051  2.73  0.15     2.582     0.217  -21.343   16.46  17.12  4 1
114.750   1835.9  -241.5 1.00 1.00   1.98    19.9   7.80   29855  2.75  0.15     2.460     0.218  -21.757   16.41  17.05  4 1
114.800   1823.9  -240.6 1.00 1.00   2.24    20.3   7.97   29660  2.76  0.14     2.335     0.217  -22.028   16.23  16.91  4 1
114.850   1811.9  -239.7 1.00 1.00   2.50    20.7   8.14   29465  2.78  0.13     2.202     0.215  -22.426   16.11  16.79  4 1
114.900   1799.9  -238.7 1.00 1.00   2.76    21.1   8.30   29272  2.80  0.13     2.056     0.214  -22.685   16.12  16.75  4 1
114.950   1788.0  -237.8 1.00 1.00   3.02    21.5   8.45   29082  2.82  0.12     1.899     0.213  -23.065   16.28  16.88  4 1
115.000   1776.1  -236.9 1.00 1.00   3.28    21.9   8.60   28888  2.84  0.11     1.735     0.206  -23.311   16.09  16.64  4 1
115.050   1764.3  -236.0 1.00 1.00   3.53    22.4   8.74   28697  2.85  0.11     1.567     0.200  -23.666   16.00  16.52  4 1
115.100   1752.5  -235.1 1.00 1.00   3.78    22.8   8.88   28508  2.87  0.10     1.401     0.193  -23.895   15.99  16.52  4 1
115.150   1740.8  -234.2 1.00 1.00   4.02    23.3   9.01   28320  2.89  0.09     1.240     0.185  -24.226   15.97  16.51  4 1
115.200   1729.1  -233.3 1.00 1.00   4.25    23.7   9.13   28132  2.91  0.08     1.088     0.174  -24.439   15.86  16.40  4 1
115.250   1717.5  -232.3 1.00 1.00   4.48    24.2   9.24   27947  2.93  0.08     0.947     0.164  -24.746   15.95  16.52  4 1
115.300   1705.9  -231.4 1.00 1.00   4.69    24.6   9.35   27762  2.95  0.07     0.817     0.153  -24.944   16.06  16.59  4 1
115.350   1694.3  -230.5 1.00 1.00   4.89    25.1   9.46   27578  2.97  0.06     0.699     0.140  -25.233   16.17  16.68  4 1
115.400   1682.8  -229.6 1.00 1.00   5.08    25.6   9.56   27393  2.99  0.05     0.596     0.125  -25.419   16.08  16.57  4 1
115.450   1671.4  -228.7 1.00 1.00   5.25    26.1   9.65   27211  3.01  0.05     0.509     0.117  -25.691   16.21  16.70  4 1
115.500   1659.9  -227.9 1.00 1.00   5.42    26.6   9.75   27029  3.03  0.05     0.438     0.119  -25.868   16.29  16.77  4 1
115.550   1648.6  -227.0 1.00 1.00   5.57    27.0   9.84   26847  3.05  0.05     0.383     0.120  -26.130   16.26  16.77  4 1
115.600   1637.3  -226.1 1.00 1.00   5.71    27.5   9.93   26665  3.07  0.05     0.343     0.122  -26.303   16.25  16.77  4 1
115.650   1626.0  -225.2 1.00 1.00   5.84    28.0  10.02   26482  3.09  0.05     0.315     0.123  -26.561   16.29  16.78  4 1
115.700   1614.7  -224.3 1.00 1.00   5.95    28.5  10.11   26299  3.11  0.05     0.297     0.123  -26.732   16.14  16.61  4 1
115.750   1603.5  -223.4 1.00 1.00   6.06    29.1  10.20   26116  3.13  0.05     0.286     0.123  -26.987   16.09  16.51  4 1
115.800   1592.4  -222.5 1.00 1.00   6.15    29.6  10.28   25934  3.15  0.05     0.281     0.124  -27.158   16.23  16.58  4 1
115.850   1581.3  -221.6 1.00 1.00   6.24    30.1  10.37   25753  3.18  0.05     0.279     0.125  -27.414   16.39  16.71  4 1
115.900   1570.2  -220.7 1.00 1.00   6.32    30.6  10.46   25573  3.20  0.05     0.276     0.126  -27.586   16.53  16.86  4 1
115.950   1559.2  -219.8 1.00 1.00   6.39    31.1  10.55   25391  3.22  0.05     0.271     0.125  -27.845   16.39  16.71  4 1
116.000   1548.3  -218.9 1.00 1.00   6.45    31.7  10.64   25209  3.24  0.05     0.263     0.124  -28.017   16.30  16.61  4 1
116.050   1537.3  -218.0 1.00 1.00   6.50    32.2  10.73   25030  3.27  0.05     0.254     0.125  -28.274   16.53  16.81  4 1
116.100   1526.5  -217.1 1.00 1.00   6.55    32.7  10.82   24850  3.29  0.05     0.243     0.125  -28.446   16.71  16.99  4 1
116.150   1515.6  -216.1 1.00 1.00   6.59    33.3  10.91   24670  3.31  0.05     0.232     0.124  -28.703   16.60  16.90  4 1
116.200   1504.9  -215.2 1.00 1.00   6.62    33.8  10.99   24489  3.34  0.05     0.222     0.123  -28.874   16.61  16.88  4 1
116.250   1494.1  -214.3 1.00 1.00   6.64    34.4  11.08   24309  3.36  0.05     0.213     0.122  -29.129   16.52  16.80  4 1
116.300   1483.4  -213.4 1.00 1.00   6.66    34.9  11.17   24128  3.39  0.05     0.205     0.120  -29.298   16.22  16.52  4 1
116.350   1472.8  -212.5 1.00 1.00   6.68    35.5  11.25   23948  3.41  0.05     0.198     0.118  -29.549   16.10  16.38  4 1
116.400   1462.2  -211.6 1.00 1.00   6.69    36.1  11.34   23768  3.44  0.05     0.193     0.117  -29.716   15.92  16.21  4 1
116.450   1451.6  -210.7 1.00 1.00   6.70    36.6  11.42   23590  3.46  0.05     0.190     0.115  -29.964   15.92  16.21  4 1
116.500   1441.1  -209.8 1.00 1.00   6.70    37.2  11.50   23411  3.49  0.05     0.188     0.114  -30.129   15.96  16.22  4 1
116.550   1430.6  -208.9 1.00 1.00   6.70    37.8  11.59   23235  3.51  0.05     0.188     0.114  -30.377   16.17  16.44  4 1
116.600   1420.2  -208.0 1.00 1.00   6.70    38.4  11.67   23058  3.54  0.05     0.190     0.113  -30.542   16.22  16.51  4 1
116.650   1409.8  -207.1 1.00 1.00   6.69    38.9  11.75   22881  3.57  0.05     0.193     0.112  -30.789   16.25  16.55  4 1
116.700   1399.5  -206.2 1.00 1.00   6.68    39.5  11.83   22704  3.59  0.05     0.198     0.111  -30.954   16.29  16.57  4 1
116.750   1389.2  -205.3 1.00 1.00   6.67    40.1  11.92   22528  3.62  0.05     0.203     0.110  -31.201   16.43  16.73  4 1
116.800   1379.0  -204.4 1.00 1.00   6.65    40.7  12.00   22351  3.65  0.05     0.210     0.109  -31.366   16.49  16.76  4 1
116.850   1368.8  -203.5 1.00 1.00   6.64    41.3  12.08   22175  3.68  0.05     0.219     0.107  -31.614   16.52  16.75  4 1
116.900   1358.6  -202.6 1.00 1.00   6.62    41.9  12.17   22000  3.71  0.05     0.228     0.106  -31.779   16.52  16.80  4 1
116.950   1348.5  -201.7 1.00 1.00   6.60    42.5  12.25   21824  3.74  0.05     0.237     0.105  -32.027   16.57  16.83  4 1
117.000   1338.5  -200.7 1.00 1.00   6.58    43.2  12.33   21649  3.77  0.05     0.248     0.104  -32.192   16.64  16.86  4 1
117.050   1328.4  -199.8 1.00 1.00   6.55    43.8  12.41   21475  3.80  0.05     0.259     0.102  -32.440   16.68  16.87  4 1
117.100   1318.5  -198.9 1.00 1.00   6.53    44.4  12.50   21300  3.83  0.05     0.270     0.101  -32.605   16.55  16.73  4 1
117.150   1308.5  -198.0 1.00 1.00   6.51    45.0  12.58   21125  3.86  0.05     0.281     0.099  -32.852   16.57  16.73  4 1
117.200   1298.7  -197.1 1.00 1.00   6.49    45.7  12.66   20951  3.89  0.05     0.292     0.098  -33.016   16.47  16.61  4 1
117.250   1288.8  -196.2 1.00 1.00   6.47    46.3  12.74   20778  3.92  0.05     0.302     0.096  -33.261   16.29  16.46  4 1
117.300   1279.0  -195.3 1.00 1.00   6.45    46.9  12.82   20605  3.96  0.05     0.312     0.094  -33.424   16.26  16.38  4 1
117.350   1269.3  -194.4 1.00 1.00   6.43    47.6  12.90   20432  3.99  0.05     0.320     0.093  -33.667   16.15  16.30  4 1
117.400   1259.6  -193.5 1.00 1.00   6.41    48.2  12.98   20260  4.02  0.05     0.327     0.092  -33.829   16.29  16.41  4 1
117.450   1250.0  -192.6 1.00 1.00   6.40    48.9  13.06   20089  4.06  0.05     0.333     0.091  -34.072   16.19  16.32  4 1
117.500   1240.4  -191.6 1.00 1.00   6.39    49.5  13.14   19918  4.08  0.05     0.337     0.089  -34.233   16.06  16.21  4 1
117.550   1230.8  -190.7 0.99 1.00   6.39    50.2  13.21   19748  4.08  0.05     0.337     0.087  -34.473   15.93  16.10  4 1
117.600   1221.3  -189.8 0.98 1.00   6.39    50.8  13.29   19583  4.07  0.05     0.334     0.086  -34.633   15.85  16.03  4 1
117.650   1211.8  -189.0 0.96 1.00   6.39    51.5  13.37   19421  4.05  0.05     0.328     0.085  -34.869   15.80  15.98  4 1
117.700   1202.4  -188.1 0.95 1.00   6.40    52.2  13.44   19263  4.02  0.05     0.321     0.084  -35.027   15.65  15.81  4 1
117.750   1193.0  -187.3 0.94 1.00   6.40    52.9  13.51   19109  4.00  0.05     0.313     0.083  -35.261   15.63  15.79  4 1
117.800   1183.7  -186.5 0.93 1.00   6.41    53.5  13.59   18960  3.98  0.05     0.305     0.082  -35.416   15.72  15.89  4 1
117.850   1174.4  -185.7 0.92 1.00   6.43    54.2  13.66   18814  3.96  0.05     0.295     0.082  -35.647   15.65  15.85  4 1
117.900   1165.1  -184.9 0.91 1.00   6.44    54.9  13.73   18671  3.95  0.05     0.286     0.081  -35.801   15.78  15.97  4 1
117.950   1155.9  -184.1 0.90 1.00   6.46    55.6  13.80   18530  3.95  0.05     0.276     0.080  -36.030   15.66  15.86  4 1
118.000   1146.7  -183.3 0.89 1.00   6.48    56.3  13.87   18391  3.95  0.05     0.266     0.079  -36.181   15.47  15.63  4 1
118.050   1137.5  -182.6 0.89 1.00   6.50    57.0  13.94   18254  3.96  0.05     0.255     0.078  -36.406   15.32  15.47  4 1
118.100   1128.4  -181.8 0.88 1.00   6.52    57.7  14.01   18119  3.97  0.05     0.244     0.078  -36.555   15.39  15.53  4 1
118.150   1119.4  -181.0 0.88 1.00   6.55    58.4  14.07   17986  3.98  0.05     0.233     0.078  -36.777   15.52  15.68  4 1
118.200   1110.3  -180.3 0.88 1.00   6.58    59.1  14.14   17854  4.00  0.05     0.221     0.077  -36.925   15.40  15.59  4 1
118.250   1101.3  -179.6 0.87 1.00   6.61    59.8  14.20   17722  4.02  0.05     0.208     0.077  -37.144   15.47  15.64  4 1
118.300   1092.4  -178.8 0.87 1.00   6.64    60.5  14.27   17591  4.04  0.05     0.195     0.076  -37.290   15.40  15.57  4 1
118.350   1083.4  -178.1 0.87 1.00   6.67    61.2  14.33   17461  4.06  0.05     0.181     0.075  -37.506   15.24  15.45  4 1
118.400   1074.6  -177.3 0.87 1.00   6.70    61.9  14.39   17332  4.09  0.05     0.167     0.075  -37.649   15.32  15.53  4 1
118.450   1065.7  -176.6 0.87 1.00   6.74    62.7  14.45   17203  4.11  0.05     0.152     0.074  -37.862   15.19  15.41  4 1
118.500   1056.9  -175.9 0.87 1.00   6.78    63.4  14.51   17074  4.14  0.05     0.135     0.074  -38.003   15.26  15.45  4 1
118.550   1048.1  -175.1 0.87 1.00   6.82    64.1  14.57   16945  4.17  0.05     0.118     0.073  -38.212   15.12  15.29  4 1
118.600   1039.4  -174.4 0.87 1.00   6.86    64.8  14.63   16817  4.20  0.05     0.100     0.073  -38.350   15.04  15.22  4 1
118.650   1030.7  -173.6 0.87 1.00   6.91    65.6  14.68   16689  4.23  0.05     0.081     0.073  -38.556   15.12  15.26  4 1
118.700   1022.0  -172.9 0.87 1.00   6.95    66.3  14.74   16562  4.26  0.05     0.061     0.072  -38.692   14.95  15.06  4 1
118.750   1013.4  -172.2 0.87 1.00   7.00    67.0  14.79   16435  4.29  0.05     0.041     0.071  -38.894   14.89  15.02  4 1
118.800   1004.8  -171.4 0.87 1.00   7.06    67.8  14.85   16309  4.32  0.05     0.019     0.071  -39.027   14.78  14.92  4 1
118.850    996.3  -170.7 0.87 1.00   7.11    68.5  14.90   16182  4.36  0.05    -0.004     0.071  -39.225   14.82  14.96  4 1
118.900    987.7  -170.0 0.87 1.00   7.17    69.3  14.95   16056  4.39  0.05    -0.031     0.071  -39.355   14.90  15.04  4 1
118.950    979.3  -169.2 0.87 1.00   7.23    70.0  14.99   15931  4.42  0.05    -0.063     0.070  -39.548   14.73  14.86  4 1
119.000    970.8  -168.5 0.87 1.00   7.29    70.8  15.04   15806  4.45  0.05    -0.101     0.071  -39.675   14.95  15.10  4 1
119.050    962.4  -167.7 0.87 1.00   7.35    71.5  15.09   15681  4.49  0.05    -0.143     0.070  -39.862   14.84  15.02  4 1
119.100    954.0  -167.0 0.87 1.00   7.42    72.3  15.13   15556  4.52  0.05    -0.190     0.071  -39.984   14.95  15.12  4 1
119.150    945.7  -166.3 0.87 1.00   7.48    73.0  15.17   15432  4.56  0.05    -0.240     0.069  -40.163   14.48  14.65  4 1
119.200    937.4  -165.5 0.87 1.00   7.55    73.8  15.21   15308  4.59  0.05    -0.292     0.069  -40.279   14.62  14.78  4 1
119.250    929.2  -164.8 0.87 1.00   7.62    74.6  15.24   15184  4.63  0.05    -0.346     0.070  -40.450   14.77  14.92  4 1
119.300    920.9  -164.1 0.87 1.00   7.69    75.3  15.27   15061  4.66  0.05    -0.399     0.070  -40.560   14.66  14.84  4 1
119.350    912.7  -163.3 0.87 1.00   7.76    76.1  15.30   14938  4.70  0.05    -0.452     0.069  -40.721   14.41  14.57  4 1
119.400    904.6  -162.6 0.86 1.00   7.83    76.9  15.33   14816  4.74  0.05    -0.504     0.068  -40.825   14.26  14.44  4 1
119.450    896.5  -161.9 0.86 1.00   7.90    77.6  15.35   14693  4.78  0.05    -0.554     0.069  -40.976   14.43  14.61  4 1
119.500    888.4  -161.1 0.86 1.00   7.97    78.4  15.37   14571  4.81  0.05    -0.602     0.068  -41.074   14.35  14.53  4 1
119.550    880.4  -160.4 0.86 1.00   8.04    79.2  15.39   14450  4.85  0.05    -0.648     0.069  -41.217   14.44  14.62  4 1
119.600    872.4  -159.6 0.86 1.00   8.11    79.9  15.41   14328  4.89  0.05    -0.692     0.070  -41.310   14.71  14.89  4 1
119.650    864.4  -158.9 0.86 1.00   8.18    80.7  15.42   14207  4.93  0.05    -0.734     0.069  -41.447   14.43  14.59  4 1
119.700    856.5  -158.2 0.86 1.00   8.25    81.5  15.43   14087  4.97  0.05    -0.773     0.069  -41.535   14.46  14.64  4 1
119.750    848.6  -157.4 0.86 1.00   8.32    82.2  15.45   13966  5.01  0.05    -0.810     0.069  -41.664   14.41  14.54  4 1
119.800    840.7  -156.7 0.86 1.00   8.38    83.0  15.45   13847  5.05  0.05    -0.845     0.068  -41.748   14.38  14.51  4 1
119.850    832.9  -156.0 0.86 1.00   8.45    83.8  15.46   13727  5.10  0.05    -0.882     0.069  -41.870   14.55  14.66  4 1
119.900    825.1  -155.2 0.86 1.00   8.52    84.6  15.47   13608  5.14  0.05    -0.921     0.069  -41.949   14.46  14.54  4 1
119.950    817.4  -154.5 0.86 1.00   8.58    85.3  15.47   13489  5.18  0.05    -0.963     0.068  -42.065   14.35  14.44  4 1
120.000    809.7  -153.7 0.86 1.00   8.65    86.1  15.47   13371  5.23  0.05    -1.008     0.069  -42.140   14.68  14.77  4 1
120.050    802.0  -153.0 0.86 1.00   8.71    86.9  15.47   13253  5.27  0.05    -1.055     0.069  -42.248   14.72  14.83  4 1
120.100    794.4  -152.3 0.86 1.00   8.77    87.7  15.46   13136  5.32  0.05    -1.103     0.069  -42.318   14.80  14.90  4 1
120.150    786.8  -151.5 0.86 1.00   8.83    88.4  15.46   13019  5.36  0.05    -1.150     0.070  -42.419   14.96  15.09  4 1
120.200    779.2  -150.8 0.86 1.00   8.89    89.2  15.45   12902  5.41  0.05    -1.196     0.070  -42.483   14.97  15.13  4 1
120.250    771.7  -150.1 0.86 1.00   8.95    90.0  15.44   12786  5.45  0.05    -1.239     0.070  -42.576   15.14  15.29  4 1
120.300    764.2  -149.3 0.86 1.00   9.01    90.7  15.43   12670  5.50  0.05    -1.279     0.070  -42.637   15.24  15.41  4 1
120.350    756.8  -148.6 0.86 1.00   9.06    91.5  15.41   12555  5.55  0.05    -1.315     0.070  -42.723   15.21  15.40  4 1
120.400    749.4  -147.9 0.86 1.00   9.11    92.3  15.40   12440  5.60  0.05    -1.347     0.070  -42.778   15.20  15.42  4 1
120.450    742.0  -147.1 0.86 1.00   9.16    93.1  15.38   12325  5.65  0.05    -1.376     0.070  -42.858   15.30  15.49  4 1
120.500    734.7  -146.4 0.86 1.00   9.21    93.8  15.36   12211  5.70  0.05    -1.402     0.070  -42.909   15.58  15.80  4 1
120.550    727.4  -145.7 0.86 1.00   9.25    94.6  15.34   12098  5.75  0.05    -1.425     0.070  -42.984   15.43  15.67  4 1
120.600    720.1  -144.9 0.86 1.00   9.30    95.4  15.32   11985  5.80  0.05    -1.445     0.069  -43.033   15.30  15.55  4 1
120.650    712.9  -144.2 0.86 1.00   9.34    96.1  15.29   11873  5.85  0.05    -1.464     0.069  -43.103   15.40  15.75  4 1
120.700    705.7  -143.4 0.86 1.00   9.38    96.9  15.27   11761  5.91  0.05    -1.481     0.069  -43.149   15.37  15.75  4 1
120.750    698.5  -142.7 0.86 1.00   9.42    97.6  15.25   11649  5.96  0.05    -1.497     0.069  -43.215   15.45  15.84  4 1
120.800    691.4  -142.0 0.86 1.00   9.46    98.4  15.22   11536  6.02  0.05    -1.512     0.070  -43.258   15.85  16.15  4 1
120.850    684.3  -141.2 0.86 1.00   9.49    99.2  15.19   11425  6.07  0.05    -1.528     0.069  -43.322   15.72  16.02  4 1
120.900    677.3  -140.5 0.86 1.00   9.53    99.9  15.17   11315  6.13  0.05    -1.543     0.068  -43.363   15.67  16.01  4 1
120.950    670.3  -139.8 0.86 1.00   9.56   100.7  15.14   11205  6.19  0.05    -1.557     0.068  -43.422   15.51  15.87  4 1
121.000    663.3  -139.0 0.86 1.00   9.59   101.4  15.11   11094  6.25  0.05    -1.573     0.066  -43.460   15.18  15.51  4 1
121.050    656.4  -138.3 0.86 1.00   9.63   102.2  15.07   10985  6.31  0.05    -1.589     0.066  -43.515   15.15  15.47  4 1
121.100    649.5  -137.6 0.86 1.00   9.66   102.9  15.04   10875  6.37  0.05    -1.608     0.065  -43.550   15.06  15.34  4 1
121.150    642.6  -136.8 0.86 1.00   9.69   103.7  15.01   10767  6.43  0.05    -1.629     0.065  -43.600   15.21  15.49  4 1
121.200    635.8  -136.1 0.86 1.00   9.73   104.4  14.97   10658  6.49  0.05    -1.653     0.065  -43.631   15.12  15.35  4 1
121.250    629.0  -135.4 0.85 1.00   9.76   105.2  14.93   10550  6.56  0.05    -1.678     0.064  -43.676   14.90  15.13  4 1
121.300    622.2  -134.6 0.85 1.00   9.79   105.9  14.90   10443  6.62  0.05    -1.706     0.064  -43.704   15.10  15.28  4 1
121.350    615.5  -133.9 0.85 1.00   9.82   106.7  14.86   10336  6.69  0.05    -1.735     0.064  -43.744   15.29  15.49  4 1
121.400    608.9  -133.2 0.85 1.00   9.86   107.4  14.81   10230  6.76  0.05    -1.765     0.064  -43.769   15.30  15.46  4 1
121.450    602.2  -132.4 0.85 1.00   9.89   108.2  14.77   10124  6.82  0.05    -1.796     0.064  -43.803   15.54  15.68  4 1
121.500    595.6  -131.7 0.85 1.00   9.92   108.9  14.73   10019  6.89  0.05    -1.826     0.064  -43.824   15.66  15.81  4 1
121.550    589.0  -131.0 0.85 1.00   9.95   109.6  14.68    9914  6.96  0.05    -1.855     0.063  -43.853   15.35  15.50  4 1
121.600    582.5  -130.2 0.85 1.00   9.98   110.4  14.63    9809  7.04  0.05    -1.883     0.062  -43.870   15.03  15.23  4 1
121.650    576.0  -129.5 0.85 1.00  10.02   111.1  14.58    9705  7.11  0.05    -1.910     0.061  -43.891   14.92  15.11  4 1
121.700    569.6  -128.8 0.85 1.00  10.05   111.8  14.53    9602  7.18  0.05    -1.938     0.060  -43.903   14.65  14.83  4 1
121.750    563.1  -128.0 0.85 1.00  10.08   112.6  14.47    9499  7.26  0.05    -1.966     0.060  -43.917   14.63  14.84  4 1
121.800    556.8  -127.3 0.85 1.00  10.11   113.3  14.42    9396  7.34  0.05    -1.995     0.060  -43.925   14.80  14.97  4 1
121.850    550.4  -126.6 0.85 1.00  10.14   114.0  14.36    9294  7.41  0.05    -2.025     0.060  -43.933   14.91  15.06  4 1
121.900    544.1  -125.8 0.85 1.00  10.17   114.7  14.30    9192  7.49  0.05    -2.056     0.060  -43.938   14.96  15.12  4 1
121.950    537.8  -125.1 0.85 1.00  10.20   115.4  14.24    9091  7.57  0.05    -2.086     0.060  -43.941   15.00  15.14  4 1
122.000    531.6  -124.4 0.85 1.00  10.24   116.1  14.18    8990  7.66  0.05    -2.116     0.059  -43.941   14.84  14.93  4 1
# RESULT verdict=5 td_v=3.98 lat=143.88 tilt=0.02 fuel=2117
