# scenario=aero_offset seed=42 run=6  window t=[24.5,34.0]  wind_az=4.4498 rad u_ref=6.0
# t h vz thr ramp tilt lat vrad qbar CT shield  a_thrLat a_aeroLat a_cmdLat  windR windMag  phase eng
 24.550   3046.5  -281.4 0.00 0.00   3.92    19.3  -2.19   35918  0.00  1.00    -0.000     2.488   -1.058    6.84  16.03  1 0
 24.600   3032.5  -281.3 0.00 0.00   3.50    19.2  -2.08   35945  0.00  1.00    -0.000     2.314   -1.021    6.79  15.97  1 0
 24.650   3018.4  -281.2 0.00 0.00   3.11    19.1  -1.98   35972  0.00  1.00    -0.000     2.135   -0.956    6.68  15.89  1 0
 24.700   3004.3  -281.1 0.00 0.00   2.78    19.0  -1.89   36001  0.00  1.00    -0.000     1.966   -0.907    6.65  15.96  1 0
 24.750   2990.3  -281.0 0.00 0.00   2.52    18.9  -1.81   36028  0.00  1.00    -0.000     1.796   -0.826    6.58  15.83  1 0
 24.800   2976.2  -280.9 0.00 0.00   2.34    18.9  -1.74   36053  0.00  1.00    -0.000     1.626   -0.768    6.45  15.65  1 0
 24.850   2962.2  -280.9 0.00 0.00   2.24    18.8  -1.68   36083  0.00  1.00    -0.000     1.485   -0.674    6.57  15.71  1 0
 24.900   2948.1  -280.8 0.00 0.00   2.23    18.7  -1.63   36112  0.00  1.00    -0.000     1.338   -0.609    6.55  15.78  1 0
 24.950   2934.1  -280.7 0.00 0.00   2.29    18.6  -1.59   36139  0.00  1.00    -0.000     1.200   -0.506    6.54  15.70  1 0
 25.000   2920.1  -280.6 0.00 0.00   2.40    18.5  -1.55   36165  0.00  1.00    -0.000     1.066   -0.437    6.46  15.55  1 0
 25.050   2906.0  -280.5 0.00 0.00   2.54    18.5  -1.53   36192  0.00  1.00    -0.000     0.929   -0.330    6.24  15.54  1 0
 25.100   2892.0  -280.4 0.00 0.00   2.71    18.4  -1.51   36220  0.00  1.00    -0.000     0.827   -0.257    6.29  15.57  1 0
 25.150   2878.0  -280.3 0.00 0.00   2.88    18.3  -1.50   36249  0.00  1.00    -0.000     0.723   -0.148    6.17  15.69  1 0
 25.200   2864.0  -280.2 0.00 0.00   3.04    18.2  -1.49   36278  0.00  1.00     0.000     0.640   -0.075    6.17  15.83  1 0
 25.250   2850.0  -280.1 0.02 0.00   3.20    18.2  -1.49   36305  0.00  1.00     0.000     0.558   -0.000    6.02  15.82  4 1
 25.300   2836.0  -280.1 0.12 0.00   3.35    18.1  -1.49   36332  0.00  1.00     0.000     0.502    0.000    6.02  15.84  4 1
 25.350   2822.0  -280.0 0.22 0.00   3.48    18.0  -1.49   36360  0.00  1.00     0.000     0.461    0.000    6.05  15.88  4 1
 25.400   2808.0  -279.9 0.32 0.00   3.59    17.9  -1.49   36386  0.00  1.00     0.000     0.429    0.000    6.06  15.86  4 1
 25.450   2794.0  -279.8 0.42 0.00   3.69    17.9  -1.49   36409  0.00  1.00     0.000     0.411    0.000    6.12  15.61  4 1
 25.500   2780.0  -279.7 0.52 0.00   3.78    17.8  -1.48   36432  0.00  1.00     0.000     0.378    0.000    5.92  15.38  4 1
 25.550   2766.0  -279.6 0.62 0.00   3.86    17.7  -1.47   36458  0.00  1.00     0.000     0.382    0.000    6.04  15.36  4 1
 25.600   2752.0  -279.5 0.72 0.00   3.92    17.6  -1.46   36485  0.00  1.00     0.000     0.386    0.000    6.08  15.40  4 1
 25.650   2738.1  -279.4 0.82 0.00   3.98    17.6  -1.45   36511  0.00  1.00     0.000     0.384    0.000    6.00  15.36  4 1
 25.700   2724.1  -279.3 0.89 0.00   4.03    17.5  -1.43   36536  0.00  1.00     0.000     0.387    0.000    5.92  15.32  4 1
 25.750   2710.1  -279.2 0.93 0.00   4.07    17.4  -1.41   36562  0.00  1.00     0.000     0.400    0.000    5.89  15.38  4 1
 25.800   2696.2  -279.1 0.96 0.01   4.11    17.4  -1.38   36585  0.02  1.00     0.002     0.394    0.000    5.62  15.28  4 1
 25.850   2682.2  -279.0 0.98 0.03   4.13    17.3  -1.35   36604  0.07  1.00     0.007     0.411    0.000    5.57  15.28  4 1
 25.900   2668.3  -278.8 0.99 0.07   4.15    17.2  -1.31   36615  0.15  1.00     0.016     0.440    0.000    5.65  15.43  4 1
 25.950   2654.3  -278.6 0.99 0.11   4.16    17.2  -1.26   36613  0.25  1.00     0.031     0.488    0.000    5.95  15.47  4 1
 26.000   2640.4  -278.4 0.99 0.17   4.14    17.1  -1.20   36592  0.37  1.00     0.054     0.516    0.000    6.06  15.31  4 1
 26.050   2626.5  -278.0 1.00 0.23   4.11    17.0  -1.14   36553  0.51  1.00     0.088     0.535    0.000    6.11  15.20  4 1
 26.100   2612.6  -277.6 1.00 0.29   4.05    17.0  -1.07   36502  0.66  0.94     0.130     0.536    0.000    6.33  15.25  4 1
 26.150   2598.7  -277.2 1.00 0.36   3.96    16.9  -1.01   36436  0.82  0.88     0.174     0.515    0.000    6.39  15.14  4 1
 26.200   2584.9  -276.7 1.00 0.44   3.84    16.9  -0.94   36358  0.99  0.81     0.212     0.480    0.000    6.33  15.09  4 1
 26.250   2571.1  -276.2 1.00 0.51   3.70    16.8  -0.87   36269  1.16  0.75     0.242     0.456    0.000    6.47  15.11  4 1
 26.300   2557.3  -275.6 1.00 0.59   3.52    16.8  -0.80   36163  1.34  0.68     0.261     0.422    0.000    6.54  14.94  4 1
 26.350   2543.5  -275.0 1.00 0.66   3.32    16.8  -0.73   36044  1.51  0.62     0.265     0.384    0.000    6.57  14.63  4 1
 26.400   2529.8  -274.3 1.00 0.73   3.09    16.7  -0.66   35915  1.68  0.55     0.254     0.353    0.000    6.75  14.60  4 1
 26.450   2516.1  -273.5 1.00 0.79   2.83    16.7  -0.60   35773  1.83  0.49     0.228     0.319    0.000    6.89  14.53  4 1
 26.500   2502.4  -272.8 1.00 0.85   2.54    16.7  -0.54   35621  1.97  0.44     0.186     0.281    0.000    6.91  14.52  4 1
 26.550   2488.8  -272.0 1.00 0.90   2.24    16.6  -0.48   35459  2.10  0.39     0.132     0.250    0.000    7.03  14.56  4 1
 26.600   2475.2  -271.1 1.00 0.95   1.92    16.6  -0.44   35289  2.21  0.35     0.069     0.224    0.000    7.18  14.62  4 1
 26.650   2461.7  -270.2 1.00 0.98   1.59    16.6  -0.39   35113  2.29  0.32     0.018     0.203    0.000    7.35  14.79  4 1
 26.700   2448.2  -269.3 1.00 0.99   1.26    16.6  -0.35   34930  2.35  0.30     0.025     0.185    0.000    7.43  14.71  4 1
 26.750   2434.8  -268.5 1.00 1.00   0.94    16.6  -0.31   34744  2.37  0.29     0.085     0.173    0.000    7.46  14.52  4 1
 26.800   2421.4  -267.6 1.00 1.00   0.66    16.5  -0.27   34559  2.39  0.28     0.173     0.159    0.000    7.36  14.41  4 1
 26.850   2408.0  -266.7 1.00 1.00   0.46    16.5  -0.22   34376  2.40  0.28     0.281     0.152    0.000    7.51  14.35  4 1
 26.900   2394.7  -265.8 1.00 1.00   0.41    16.5  -0.16   34196  2.41  0.27     0.404     0.144    0.000    7.68  14.49  4 1
 26.950   2381.4  -264.9 1.00 1.00   0.52    16.5  -0.10   34014  2.42  0.27     0.535     0.130    0.000    7.56  14.41  4 1
 27.000   2368.2  -264.0 1.00 1.00   0.69    16.5  -0.03   33835  2.44  0.26     0.669     0.125    0.000    7.85  14.37  4 1
 27.050   2355.0  -263.2 1.00 1.00   0.86    16.5   0.06   33656  2.45  0.26     0.803     0.115    0.000    7.96  14.36  4 1
 27.100   2341.9  -262.3 1.00 1.00   1.01    16.5   0.14   33478  2.46  0.25     0.939     0.107    0.000    8.10  14.34  4 1
 27.150   2328.8  -261.4 1.00 1.00   1.15    16.5   0.24   33303  2.47  0.25     1.067     0.103    0.000    8.39  14.43  4 1
 27.200   2315.7  -260.6 1.00 1.00   1.25    16.5   0.35   33127  2.49  0.25     1.175     0.096    0.000    8.55  14.37  4 1
 27.250   2302.7  -259.7 1.00 1.00   1.34    16.6   0.46   32951  2.50  0.24     1.260     0.087   -9.221    8.60  14.28  4 1
 27.300   2289.8  -258.9 1.00 1.00   1.40    16.6   0.59   32775  2.51  0.24     1.390     0.081   -9.401    8.71  14.18  4 1
 27.350   2276.9  -258.0 1.00 1.00   1.44    16.6   0.72   32598  2.53  0.23     1.577     0.071   -9.665    8.60  13.85  4 1
 27.400   2264.0  -257.2 1.00 1.00   1.45    16.7   0.86   32424  2.54  0.23     1.780     0.066   -9.876    8.70  13.70  4 1
 27.450   2251.1  -256.3 1.00 1.00   1.45    16.7   1.02   32253  2.55  0.22     1.973     0.064  -10.189    8.85  13.77  4 1
 27.500   2238.3  -255.5 1.00 1.00   1.43    16.8   1.18   32081  2.57  0.22     2.141     0.061  -10.434    8.95  13.68  4 1
 27.550   2225.6  -254.7 1.00 1.00   1.39    16.8   1.36   31911  2.58  0.21     2.277     0.059  -10.792    9.04  13.68  4 1
 27.600   2212.9  -253.8 1.00 1.00   1.33    16.9   1.54   31740  2.59  0.20     2.378     0.057  -11.064    9.04  13.52  4 1
 27.650   2200.2  -253.0 1.00 1.00   1.26    17.0   1.73   31570  2.61  0.20     2.445     0.057  -11.452    9.09  13.41  4 1
 27.700   2187.6  -252.2 1.00 1.00   1.17    17.1   1.93   31402  2.62  0.19     2.482     0.060  -11.741    9.25  13.42  4 1
 27.750   2175.0  -251.3 1.00 1.00   1.06    17.2   2.12   31234  2.63  0.19     2.490     0.062  -12.146    9.31  13.36  4 1
 27.800   2162.4  -250.5 1.00 1.00   0.94    17.3   2.32   31067  2.65  0.18     2.475     0.066  -12.442    9.40  13.34  4 1
 27.850   2149.9  -249.7 1.00 1.00   0.82    17.4   2.52   30905  2.66  0.18     2.441     0.075  -12.853    9.82  13.69  4 1
 27.900   2137.5  -248.9 1.00 1.00   0.69    17.5   2.72   30739  2.67  0.17     2.390     0.080  -13.152    9.97  13.66  4 1
 27.950   2125.1  -248.0 1.00 1.00   0.56    17.7   2.91   30574  2.69  0.17     2.327     0.085  -13.563   10.04  13.55  4 1
 28.000   2112.7  -247.2 1.00 1.00   0.46    17.8   3.11   30410  2.70  0.16     2.254     0.089  -13.858   10.12  13.55  4 1
 28.050   2100.3  -246.4 1.00 1.00   0.40    18.0   3.30   30246  2.72  0.16     2.173     0.093  -14.261   10.11  13.45  4 1
 28.100   2088.0  -245.6 1.00 1.00   0.43    18.2   3.48   30083  2.73  0.15     2.087     0.098  -14.549   10.19  13.42  4 1
 28.150   2075.8  -244.8 1.00 1.00   0.53    18.3   3.67   29920  2.75  0.15     1.998     0.102  -14.942   10.27  13.42  4 1
 28.200   2063.5  -244.0 1.00 1.00   0.68    18.5   3.85   29758  2.76  0.14     1.906     0.105  -15.222   10.23  13.24  4 1
 28.250   2051.4  -243.2 1.00 1.00   0.86    18.7   4.02   29596  2.78  0.14     1.813     0.108  -15.602   10.22  13.10  4 1
 28.300   2039.2  -242.4 1.00 1.00   1.05    18.9   4.20   29434  2.79  0.13     1.717     0.110  -15.873   10.18  12.92  4 1
 28.350   2027.1  -241.6 1.00 1.00   1.25    19.1   4.36   29274  2.81  0.12     1.618     0.110  -16.238   10.04  12.80  4 1
 28.400   2015.1  -240.8 1.00 1.00   1.45    19.4   4.53   29116  2.82  0.12     1.515     0.115  -16.498   10.41  13.01  4 1
 28.450   2003.1  -240.0 1.00 1.00   1.66    19.6   4.69   28958  2.84  0.11     1.410     0.116  -16.849   10.47  12.98  4 1
 28.500   1991.1  -239.2 1.00 1.00   1.87    19.8   4.84   28801  2.85  0.11     1.304     0.117  -17.098   10.66  13.12  4 1
 28.550   1979.1  -238.4 1.00 1.00   2.07    20.1   4.99   28644  2.87  0.10     1.200     0.118  -17.433   10.88  13.29  4 1
 28.600   1967.2  -237.6 1.00 1.00   2.27    20.3   5.14   28488  2.88  0.10     1.098     0.117  -17.671   10.99  13.36  4 1
 28.650   1955.4  -236.8 1.00 1.00   2.47    20.6   5.28   28332  2.90  0.09     1.000     0.115  -17.990   11.14  13.33  4 1
 28.700   1943.6  -236.0 1.00 1.00   2.67    20.9   5.41   28175  2.91  0.08     0.906     0.111  -18.217   11.07  13.14  4 1
 28.750   1931.8  -235.2 1.00 1.00   2.86    21.1   5.55   28019  2.93  0.08     0.817     0.106  -18.521   11.02  13.03  4 1
 28.800   1920.0  -234.4 1.00 1.00   3.04    21.4   5.67   27864  2.94  0.07     0.734     0.100  -18.736   11.00  12.94  4 1
 28.850   1908.3  -233.6 1.00 1.00   3.22    21.7   5.80   27710  2.96  0.06     0.656     0.094  -19.025   10.94  12.79  4 1
 28.900   1896.7  -232.9 1.00 1.00   3.39    22.0   5.91   27556  2.98  0.06     0.583     0.087  -19.230   10.93  12.65  4 1
 28.950   1885.1  -232.1 1.00 1.00   3.55    22.3   6.03   27404  2.99  0.05     0.516     0.081  -19.506   11.20  12.82  4 1
 29.000   1873.5  -231.3 1.00 1.00   3.71    22.6   6.14   27253  3.01  0.05     0.453     0.079  -19.703   11.33  12.81  4 1
 29.050   1861.9  -230.5 1.00 1.00   3.85    22.9   6.25   27100  3.03  0.05     0.396     0.080  -19.968   11.26  12.60  4 1
 29.100   1850.4  -229.8 1.00 1.00   3.99    23.2   6.36   26947  3.04  0.05     0.344     0.081  -20.157   11.26  12.59  4 1
 29.150   1838.9  -229.0 1.00 1.00   4.12    23.5   6.46   26795  3.06  0.05     0.296     0.082  -20.413   11.21  12.49  4 1
 29.200   1827.5  -228.2 1.00 1.00   4.25    23.9   6.56   26643  3.08  0.05     0.252     0.083  -20.595   11.20  12.40  4 1
 29.250   1816.1  -227.4 1.00 1.00   4.36    24.2   6.66   26491  3.09  0.05     0.212     0.085  -20.842   11.26  12.42  4 1
 29.300   1804.8  -226.6 1.00 1.00   4.47    24.5   6.76   26340  3.11  0.05     0.175     0.086  -21.019   11.42  12.58  4 1
 29.350   1793.5  -225.9 1.00 1.00   4.57    24.9   6.85   26188  3.13  0.05     0.142     0.087  -21.259   11.45  12.55  4 1
 29.400   1782.2  -225.1 1.00 1.00   4.66    25.2   6.94   26035  3.15  0.05     0.111     0.087  -21.430   11.41  12.47  4 1
 29.450   1771.0  -224.3 1.00 1.00   4.75    25.6   7.03   25883  3.17  0.05     0.083     0.087  -21.663   11.37  12.44  4 1
 29.500   1759.8  -223.5 1.00 1.00   4.83    25.9   7.12   25732  3.18  0.05     0.057     0.088  -21.829   11.51  12.53  4 1
 29.550   1748.6  -222.7 1.00 1.00   4.90    26.3   7.21   25580  3.20  0.05     0.033     0.088  -22.056   11.42  12.39  4 1
 29.600   1737.5  -221.9 1.00 1.00   4.96    26.6   7.29   25428  3.22  0.05     0.011     0.088  -22.217   11.42  12.39  4 1
 29.650   1726.4  -221.2 1.00 1.00   5.01    27.0   7.37   25277  3.24  0.05    -0.008     0.088  -22.437   11.37  12.32  4 1
 29.700   1715.4  -220.4 1.00 1.00   5.06    27.4   7.45   25127  3.26  0.05    -0.025     0.089  -22.593   11.69  12.61  4 1
 29.750   1704.4  -219.6 1.00 1.00   5.10    27.7   7.53   24976  3.28  0.05    -0.041     0.089  -22.809   11.77  12.64  4 1
 29.800   1693.4  -218.8 1.00 1.00   5.14    28.1   7.61   24825  3.30  0.05    -0.054     0.089  -22.962   11.89  12.74  4 1
 29.850   1682.5  -218.0 1.00 1.00   5.17    28.5   7.69   24674  3.32  0.05    -0.065     0.089  -23.174   11.88  12.75  4 1
 29.900   1671.6  -217.2 1.00 1.00   5.19    28.9   7.76   24523  3.34  0.05    -0.073     0.088  -23.323   11.97  12.75  4 1
 29.950   1660.8  -216.4 1.00 1.00   5.21    29.3   7.83   24372  3.36  0.05    -0.080     0.087  -23.530   11.88  12.66  4 1
 30.000   1650.0  -215.7 1.00 1.00   5.22    29.7   7.91   24221  3.38  0.05    -0.084     0.087  -23.676   12.04  12.76  4 1
 30.050   1639.2  -214.9 1.00 1.00   5.22    30.1   7.98   24072  3.40  0.05    -0.086     0.087  -23.880   12.29  12.98  4 1
 30.100   1628.5  -214.1 1.00 1.00   5.22    30.5   8.05   23922  3.42  0.05    -0.086     0.087  -24.023   12.46  13.09  4 1
 30.150   1617.8  -213.3 1.00 1.00   5.21    30.9   8.12   23773  3.44  0.05    -0.084     0.087  -24.226   12.76  13.32  4 1
 30.200   1607.1  -212.5 1.00 1.00   5.20    31.3   8.19   23623  3.46  0.05    -0.079     0.086  -24.368   12.74  13.27  4 1
 30.250   1596.5  -211.7 1.00 1.00   5.18    31.7   8.26   23473  3.48  0.05    -0.072     0.086  -24.569   12.85  13.39  4 1
 30.300   1586.0  -210.9 1.00 1.00   5.16    32.1   8.33   23322  3.51  0.05    -0.063     0.084  -24.709   12.66  13.18  4 1
 30.350   1575.4  -210.2 1.00 1.00   5.13    32.5   8.39   23172  3.53  0.05    -0.052     0.082  -24.907   12.50  13.04  4 1
 30.400   1565.0  -209.4 1.00 1.00   5.11    33.0   8.46   23022  3.55  0.05    -0.040     0.081  -25.045   12.53  13.09  4 1
 30.450   1554.5  -208.6 1.00 1.00   5.07    33.4   8.52   22873  3.57  0.05    -0.026     0.081  -25.242   12.68  13.26  4 1
 30.500   1544.1  -207.8 1.00 1.00   5.04    33.8   8.59   22724  3.60  0.05    -0.011     0.079  -25.379   12.62  13.15  4 1
 30.550   1533.7  -207.0 1.00 1.00   5.00    34.2   8.66   22575  3.62  0.05     0.005     0.078  -25.575   12.68  13.18  4 1
 30.600   1523.4  -206.2 1.00 1.00   4.96    34.7   8.72   22426  3.64  0.05     0.022     0.077  -25.712   12.61  13.06  4 1
 30.650   1513.1  -205.4 1.00 1.00   4.92    35.1   8.79   22277  3.67  0.05     0.039     0.076  -25.907   12.68  13.09  4 1
 30.700   1502.9  -204.6 1.00 1.00   4.88    35.6   8.85   22129  3.69  0.05     0.057     0.074  -26.043   12.67  13.07  4 1
 30.750   1492.6  -203.8 1.00 1.00   4.83    36.0   8.92   21980  3.72  0.05     0.076     0.072  -26.239   12.45  12.89  4 1
 30.800   1482.5  -203.1 1.00 1.00   4.79    36.4   8.98   21830  3.74  0.05     0.095     0.070  -26.374   12.12  12.56  4 1
 30.850   1472.3  -202.3 1.00 1.00   4.74    36.9   9.04   21682  3.77  0.05     0.113     0.068  -26.568   12.00  12.37  4 1
 30.900   1462.2  -201.5 1.00 1.00   4.70    37.3   9.11   21535  3.79  0.05     0.132     0.067  -26.702   11.99  12.36  4 1
 30.950   1452.2  -200.7 1.00 1.00   4.66    37.8   9.17   21387  3.82  0.05     0.150     0.066  -26.895   12.01  12.36  4 1
 31.000   1442.2  -199.9 1.00 1.00   4.62    38.3   9.23   21241  3.84  0.05     0.168     0.066  -27.029   12.28  12.62  4 1
 31.050   1432.2  -199.1 1.00 1.00   4.58    38.7   9.29   21094  3.87  0.05     0.185     0.065  -27.224   12.38  12.71  4 1
 31.100   1422.3  -198.3 1.00 1.00   4.54    39.2   9.36   20948  3.90  0.05     0.201     0.064  -27.358   12.44  12.78  4 1
 31.150   1412.4  -197.5 1.00 1.00   4.50    39.7   9.42   20800  3.92  0.05     0.217     0.062  -27.553   12.19  12.53  4 1
 31.200   1402.5  -196.7 1.00 1.00   4.47    40.1   9.48   20654  3.95  0.05     0.232     0.062  -27.687   12.25  12.54  4 1
 31.250   1392.7  -195.9 1.00 1.00   4.44    40.6   9.55   20508  3.98  0.05     0.246     0.061  -27.881   12.31  12.58  4 1
 31.300   1382.9  -195.1 1.00 1.00   4.41    41.1   9.61   20363  4.01  0.05     0.259     0.060  -28.015   12.34  12.58  4 1
 31.350   1373.2  -194.4 1.00 1.00   4.38    41.6   9.67   20217  4.04  0.05     0.270     0.060  -28.210   12.54  12.78  4 1
 31.400   1363.5  -193.6 1.00 1.00   4.36    42.1   9.74   20072  4.06  0.05     0.281     0.059  -28.344   12.61  12.80  4 1
 31.450   1353.8  -192.8 1.00 1.00   4.34    42.5   9.80   19927  4.09  0.05     0.290     0.058  -28.538   12.46  12.70  4 1
 31.500   1344.2  -192.0 1.00 1.00   4.32    43.0   9.86   19782  4.12  0.05     0.298     0.057  -28.671   12.54  12.77  4 1
 31.550   1334.6  -191.2 1.00 1.00   4.31    43.5   9.92   19637  4.15  0.05     0.304     0.056  -28.866   12.49  12.76  4 1
 31.600   1325.1  -190.4 1.00 1.00   4.30    44.0   9.98   19493  4.18  0.05     0.309     0.056  -28.998   12.65  12.92  4 1
 31.650   1315.6  -189.6 1.00 1.00   4.29    44.5  10.04   19349  4.21  0.05     0.313     0.056  -29.192   12.67  12.91  4 1
 31.700   1306.1  -188.8 1.00 1.00   4.29    45.0  10.11   19205  4.25  0.05     0.314     0.056  -29.324   12.82  13.07  4 1
 31.750   1296.7  -188.0 1.00 1.00   4.29    45.5  10.17   19061  4.28  0.05     0.315     0.055  -29.517   12.81  13.07  4 1
 31.800   1287.3  -187.2 1.00 1.00   4.29    46.1  10.23   18918  4.31  0.05     0.314     0.055  -29.648   12.91  13.16  4 1
 31.850   1278.0  -186.4 1.00 1.00   4.30    46.6  10.29   18775  4.34  0.05     0.311     0.054  -29.841   12.75  13.04  4 1
 31.900   1268.7  -185.6 1.00 1.00   4.31    47.1  10.35   18632  4.37  0.05     0.307     0.054  -29.971   12.85  13.16  4 1
 31.950   1259.4  -184.8 1.00 1.00   4.32    47.6  10.41   18490  4.41  0.05     0.302     0.054  -30.161   13.06  13.34  4 1
 32.000   1250.2  -184.0 1.00 1.00   4.33    48.1  10.46   18347  4.44  0.05     0.295     0.053  -30.291   13.02  13.29  4 1
 32.050   1241.0  -183.2 1.00 1.00   4.35    48.6  10.52   18205  4.48  0.05     0.287     0.053  -30.480   12.96  13.25  4 1
 32.100   1231.9  -182.4 1.00 1.00   4.37    49.2  10.58   18063  4.51  0.05     0.277     0.052  -30.607   12.86  13.09  4 1
 32.150   1222.8  -181.6 1.00 1.00   4.40    49.7  10.63   17921  4.55  0.05     0.266     0.052  -30.794   12.84  13.04  4 1
 32.200   1213.7  -180.8 1.00 1.00   4.43    50.2  10.69   17780  4.58  0.05     0.254     0.052  -30.919   13.01  13.19  4 1
 32.250   1204.7  -180.0 1.00 1.00   4.46    50.8  10.74   17639  4.62  0.05     0.240     0.051  -31.103   12.82  12.97  4 1
 32.300   1195.7  -179.2 1.00 1.00   4.49    51.3  10.80   17497  4.65  0.05     0.225     0.050  -31.226   12.49  12.64  4 1
 32.350   1186.8  -178.4 1.00 1.00   4.53    51.9  10.85   17357  4.69  0.05     0.209     0.049  -31.406   12.36  12.51  4 1
 32.400   1177.9  -177.6 1.00 1.00   4.57    52.4  10.90   17216  4.73  0.05     0.191     0.049  -31.526   12.28  12.43  4 1
 32.450   1169.0  -176.8 1.00 1.00   4.62    52.9  10.95   17076  4.77  0.05     0.171     0.049  -31.701   12.23  12.41  4 1
 32.500   1160.2  -176.0 1.00 1.00   4.67    53.5  10.99   16937  4.81  0.05     0.150     0.048  -31.818   12.06  12.24  4 1
 32.550   1151.4  -175.2 1.00 1.00   4.72    54.0  11.04   16797  4.85  0.05     0.128     0.048  -31.989   11.97  12.19  4 1
 32.600   1142.7  -174.4 1.00 1.00   4.77    54.6  11.09   16659  4.89  0.05     0.104     0.049  -32.103   12.22  12.44  4 1
 32.650   1134.0  -173.6 1.00 1.00   4.83    55.1  11.13   16520  4.93  0.05     0.078     0.049  -32.271   12.24  12.45  4 1
 32.700   1125.3  -172.8 1.00 1.00   4.89    55.7  11.17   16382  4.97  0.05     0.051     0.048  -32.383   12.01  12.17  4 1
 32.750   1116.7  -172.0 1.00 1.00   4.95    56.3  11.21   16244  5.01  0.05     0.023     0.048  -32.545   11.99  12.18  4 1
 32.800   1108.1  -171.2 1.00 1.00   5.02    56.8  11.25   16106  5.05  0.05    -0.006     0.048  -32.653   11.87  12.04  4 1
 32.850   1099.5  -170.4 1.00 1.00   5.09    57.4  11.29   15969  5.09  0.05    -0.037     0.048  -32.811   11.97  12.12  4 1
 32.900   1091.0  -169.6 1.00 1.00   5.16    58.0  11.33   15831  5.14  0.05    -0.069     0.047  -32.915   11.66  11.79  4 1
 32.950   1082.6  -168.8 1.00 1.00   5.24    58.5  11.36   15695  5.18  0.05    -0.102     0.047  -33.067   11.51  11.63  4 1
 33.000   1074.2  -168.0 1.00 1.00   5.32    59.1  11.39   15559  5.23  0.05    -0.137     0.048  -33.167   11.56  11.67  4 1
 33.050   1065.8  -167.2 1.00 1.00   5.40    59.7  11.43   15423  5.27  0.05    -0.172     0.047  -33.312   11.40  11.52  4 1
 33.100   1057.4  -166.4 1.00 1.00   5.48    60.2  11.45   15287  5.32  0.05    -0.209     0.047  -33.409   11.34  11.47  4 1
 33.150   1049.1  -165.6 1.00 1.00   5.56    60.8  11.48   15152  5.37  0.05    -0.247     0.047  -33.548   11.12  11.22  4 1
 33.200   1040.9  -164.8 1.00 1.00   5.65    61.4  11.51   15017  5.41  0.05    -0.286     0.047  -33.639   11.15  11.25  4 1
 33.250   1032.7  -164.0 1.00 1.00   5.74    62.0  11.53   14882  5.46  0.05    -0.325     0.047  -33.771   10.95  11.08  4 1
 33.300   1024.5  -163.2 1.00 1.00   5.83    62.5  11.55   14748  5.51  0.05    -0.366     0.047  -33.858   11.00  11.12  4 1
 33.350   1016.3  -162.4 1.00 1.00   5.92    63.1  11.57   14614  5.56  0.05    -0.408     0.048  -33.984   11.08  11.19  4 1
 33.400   1008.2  -161.6 1.00 1.00   6.02    63.7  11.59   14480  5.61  0.05    -0.451     0.049  -34.067   11.25  11.37  4 1
 33.450   1000.2  -160.8 1.00 1.00   6.11    64.3  11.60   14347  5.66  0.05    -0.494     0.050  -34.186   11.48  11.60  4 1
 33.500    992.2  -160.0 1.00 1.00   6.21    64.9  11.62   14215  5.70  0.05    -0.536     0.049  -34.265   11.22  11.31  4 1
 33.550    984.2  -159.2 0.99 1.00   6.31    65.4  11.63   14084  5.70  0.05    -0.575     0.049  -34.378   11.16  11.26  4 1
 33.600    976.3  -158.4 0.98 1.00   6.41    66.0  11.64   13956  5.68  0.05    -0.611     0.049  -34.452   11.10  11.19  4 1
 33.650    968.4  -157.6 0.96 1.00   6.51    66.6  11.65   13831  5.65  0.05    -0.646     0.050  -34.559   11.11  11.20  4 1
 33.700    960.5  -156.8 0.95 1.00   6.61    67.2  11.65   13710  5.62  0.05    -0.679     0.050  -34.629   11.20  11.29  4 1
 33.750    952.7  -156.1 0.93 1.00   6.71    67.8  11.66   13592  5.59  0.05    -0.711     0.051  -34.731   11.29  11.35  4 1
 33.800    944.9  -155.4 0.92 1.00   6.80    68.3  11.66   13477  5.56  0.05    -0.742     0.052  -34.798   11.46  11.54  4 1
 33.850    937.1  -154.7 0.91 1.00   6.90    68.9  11.67   13366  5.54  0.05    -0.773     0.051  -34.895   11.04  11.13  4 1
 33.900    929.4  -154.0 0.90 1.00   6.99    69.5  11.67   13256  5.53  0.05    -0.803     0.051  -34.958   11.10  11.18  4 1
 33.950    921.7  -153.3 0.90 1.00   7.08    70.1  11.67   13149  5.53  0.05    -0.834     0.051  -35.049   11.04  11.13  4 1
 34.000    914.1  -152.6 0.89 1.00   7.17    70.7  11.66   13044  5.53  0.05    -0.864     0.052  -35.109   11.24  11.32  4 1
# RESULT verdict=5 td_v=6.18 lat=96.47 tilt=2.75 fuel=4481
